task_id,seed,flow_id,model,method,operator,operator_family,functional_check,true_class_id,true_class,class_specific_inference_eligible,target_class_id,target_class,confidence,model_margin,random_feature_repetitions,attribution_effect_aopc,random_effect_mean_aopc,uniform_random_effect_mean_aopc,attribution_minus_random_aopc,attribution_minus_uniform_random_aopc,random_effect_standard_error_aopc,random_aopc_monte_carlo_standard_error,attribution_minus_random_aopc_mc_lower95,attribution_displacement_mean,matched_random_displacement_mean,attribution_minus_matched_displacement,coordinates_changed_mean,matched_random_coordinates_mean,aopc_definition
cicids2017_binary,42,rid_17c75cd659c9243647caddaa9aa43875,cnn,integrated_gradients,training_median,baseline_marginal_constant,deletion,1,ATTACK,True,1,ATTACK,1.0,0.9997954944847152,50,0.9487269705678045,0.7852687870771273,0.2915867286839383,0.16345818349067717,0.6571402418838663,0.020884659656797196,0.011240266710841057,0.1414272607374287,1.4835803508758545,1.5196368699073792,-0.036056519031524736,18.4,18.4,trapezoid_from_zero_normalized_by_max_fraction
cicids2017_binary,42,rid_accf8c0dda146c4a242cdc9d8885e717,cnn,integrated_gradients,training_median,baseline_marginal_constant,deletion,1,ATTACK,True,1,ATTACK,1.0,0.9997954944847152,50,0.9331193817852181,0.6975866701356805,0.2641487490398782,0.23553271164953757,0.66897063274534,0.029598427146509326,0.015146555204891833,0.20584546344794957,1.525651216506958,1.6429947657585147,-0.11734354925155666,18.4,18.4,trapezoid_from_zero_normalized_by_max_fraction
cicids2017_binary,42,rid_8593525157bd8c913dcb6144108b0a95,cnn,integrated_gradients,training_median,baseline_marginal_constant,deletion,1,ATTACK,True,1,ATTACK,1.0,0.9997954944847152,50,0.8085081849567359,0.7406139482222573,0.25495548755492903,0.06789423673447854,0.5535526974018069,0.03565287281072717,0.017334087094762838,0.033919426028743385,1.5499117374420166,1.737853938579559,-0.18794220113754245,18.4,18.4,trapezoid_from_zero_normalized_by_max_fraction
cicids2017_binary,42,rid_09a527fea31178a9ad0ecb1fc521e8fb,cnn,integrated_gradients,training_median,baseline_marginal_constant,deletion,0,BENIGN,True,0,BENIGN,0.99989316866413,9.76741794148e-05,50,0.0027867963650351157,0.002088801404242517,0.0013331964746489575,0.0006979949607925988,0.0014535998903861581,0.00020205691266696156,0.00011994735964497268,0.0004628981358884523,0.8172629475593567,0.580794026851654,0.23646892070770265,18.4,18.4,trapezoid_from_zero_normalized_by_max_fraction
cicids2017_binary,42,rid_e7974d4f4c91f9e013db09642e33bb70,cnn,integrated_gradients,training_median,baseline_marginal_constant,deletion,0,BENIGN,True,0,BENIGN,0.9999996262209264,0.0002041317362113,50,0.0023878390282973784,0.05720564024517751,0.10343436401783213,-0.05481780121688014,-0.10104652498953476,0.017313155410109048,0.00889653335909553,-0.07225500660070738,2.081650733947754,1.474147610425949,0.6075031235218049,18.4,18.4,trapezoid_from_zero_normalized_by_max_fraction
cicids2017_binary,42,rid_9f3a7f0f10b651a421dd35c1b1afb71c,cnn,integrated_gradients,training_median,baseline_marginal_constant,deletion,0,BENIGN,True,0,BENIGN,0.999993794038346,0.0001982995536308,50,0.005753740429781828,0.0020910131498878643,0.0004601922812951251,0.003662727279893964,0.005293548148486704,0.0001973837510442305,0.00012110635033135395,0.00342535883324451,1.2433513402938843,0.7907714785933495,0.45257986170053477,18.4,18.4,trapezoid_from_zero_normalized_by_max_fraction
cicids2017_binary,42,rid_8c9bdead15ce16a77b48e3372d9a8a3d,cnn,integrated_gradients,training_median,baseline_marginal_constant,deletion,0,BENIGN,True,0,BENIGN,0.9999991853068764,0.0002036908221611,50,0.002566459929147413,0.0012303947578275706,0.0004486027158252432,0.0013360651713198426,0.0021178572133221697,9.47857264384444e-05,6.535967703775445e-05,0.001207960204325844,0.7520796656608582,0.5068780334591866,0.24520163220167157,18.4,18.4,trapezoid_from_zero_normalized_by_max_fraction
cicids2017_binary,42,rid_894f119af6edccd4268535184bc340cf,cnn,integrated_gradients,training_median,baseline_marginal_constant,deletion,0,BENIGN,True,0,BENIGN,0.9999991788482704,0.000203684363555,50,0.003113207992788603,0.002805408080380479,0.0006771974404604282,0.0003077999124081235,0.0024360105523281743,0.00026223681308460887,0.00017551179550842071,-3.620320678838113e-05,0.7440434098243713,0.48119522890448574,0.2628481809198856,18.4,18.4,trapezoid_from_zero_normalized_by_max_fraction
cicids2017_binary,42,rid_0d983e5b8810b377ec14cf6f0ef744a4,cnn,integrated_gradients,training_median,baseline_marginal_constant,deletion,0,BENIGN,True,0,BENIGN,0.9999999999999982,0.000204505515283,50,0.005112257658886399,0.004979054658892964,0.0023676463506134638,0.00013320299999343508,0.0027446113082729355,0.0024682180026899562,0.0018713287890132517,-0.003534601426472538,1.8843742609024048,1.4151294860839845,0.4692447748184203,18.4,18.4,trapezoid_from_zero_normalized_by_max_fraction
cicids2017_binary,42,rid_12f800a48f581538facdec51ab2454d7,cnn,integrated_gradients,training_median,baseline_marginal_constant,deletion,0,BENIGN,True,0,BENIGN,0.9999333738160204,0.0001378793313051,50,0.0016156097334715015,0.0014937255573102847,0.0005129155981092879,0.00012188417616121675,0.0011026941353622134,0.00019414158047791286,0.00013166313673453346,-0.00013617557183846882,0.677238941192627,0.5558883748352528,0.12135056635737418,18.4,18.4,trapezoid_from_zero_normalized_by_max_fraction
cicids2017_binary,42,rid_408ae7c441d02f646de26fd9bdce1d45,cnn,integrated_gradients,training_median,baseline_marginal_constant,deletion,1,ATTACK,True,1,ATTACK,0.9999876022338868,0.999783096718602,50,0.9460907494484445,0.8314156573868434,0.3689854710357977,0.11467509206160117,0.5771052784126469,0.02048345411026254,0.011438789214081051,0.09225506520200231,0.5654233694076538,0.39043273574113846,0.17499063366651535,18.4,18.4,trapezoid_from_zero_normalized_by_max_fraction
cicids2017_binary,42,rid_cf4ebdc12c3cb032b70b55c77a7cb796,cnn,integrated_gradients,training_median,baseline_marginal_constant,deletion,1,ATTACK,True,1,ATTACK,1.0,0.9997954944847152,50,0.8501068040462598,0.8431769929568312,0.3103470329258817,0.006929811089428619,0.5397597711203781,0.01633582756944867,0.00872007833006294,-0.010161542437494744,1.7995609045028687,1.7016622977256772,0.09789860677719142,18.4,18.4,trapezoid_from_zero_normalized_by_max_fraction
cicids2017_binary,42,rid_12888033c44aa2549d48f3c7bd216973,cnn,integrated_gradients,training_median,baseline_marginal_constant,deletion,1,ATTACK,True,1,ATTACK,1.0,0.9997954944847152,50,0.8642565300647401,0.7832133100075003,0.25828718572344406,0.08104322005723989,0.6059693443412961,0.027086081184671675,0.013685985979715643,0.05421868753699723,1.5481239557266235,1.5290437159538268,0.019080239772796714,18.4,18.4,trapezoid_from_zero_normalized_by_max_fraction
cicids2017_binary,42,rid_c084b42c4af4241dd19e6d04badcf8b5,cnn,integrated_gradients,training_median,baseline_marginal_constant,deletion,1,ATTACK,True,1,ATTACK,1.0,0.9997954944847152,50,0.9459697380752914,0.7169443704634064,0.24905878018140498,0.22902536761188497,0.6969109578938864,0.03399253599089799,0.01733221723010231,0.19505422184088445,1.6560293436050415,1.5864622142314913,0.06956712937355025,18.4,18.4,trapezoid_from_zero_normalized_by_max_fraction
cicids2017_binary,42,rid_08c29756d968418335a9524cb0092fef,cnn,integrated_gradients,training_median,baseline_marginal_constant,deletion,1,ATTACK,True,1,ATTACK,1.0,0.9997954944847152,50,0.8493239512848958,0.8223881108679314,0.30324562517534887,0.02693584041696445,0.5460783261095471,0.022922735714915765,0.011080300950565617,0.005218450553855843,1.7135206460952759,1.6430025477409358,0.07051809835434009,18.4,18.4,trapezoid_from_zero_normalized_by_max_fraction
cicids2017_binary,42,rid_1c419a3f15eb43644fa650ff6ad71b8a,cnn,integrated_gradients,training_median,baseline_marginal_constant,deletion,0,BENIGN,True,0,BENIGN,0.9999999998386128,0.0002045053538975,50,0.005415436576708876,0.0015661665895553355,1.077087630685647e-05,0.0038492699871535405,0.00540466570040202,0.0006330180342156984,0.0005367282405899496,0.0027972826355972392,0.9269319772720337,0.8606818118095397,0.06625016546249396,18.4,18.4,trapezoid_from_zero_normalized_by_max_fraction
cicids2017_binary,42,rid_17c75cd659c9243647caddaa9aa43875,cnn,integrated_gradients,training_median,baseline_marginal_constant,insertion,1,ATTACK,True,1,ATTACK,1.0,0.9997954944847152,50,0.6973553477801033,0.6938121983154419,0.10569982384753657,0.0035431494646614506,0.5916555239325668,0.021986532743931878,0.01391592268244647,-0.02373205899293363,1.4835803508758545,1.5196368699073792,-0.036056519031524736,18.4,18.4,trapezoid_from_zero_normalized_by_max_fraction
cicids2017_binary,42,rid_accf8c0dda146c4a242cdc9d8885e717,cnn,integrated_gradients,training_median,baseline_marginal_constant,insertion,1,ATTACK,True,1,ATTACK,1.0,0.9997954944847152,50,0.7913847758012706,0.6946674388893118,0.17721773022200246,0.09671733691195893,0.6141670455792683,0.022413785671644093,0.014405309210189815,0.06848293085998688,1.525651216506958,1.6429947657585147,-0.11734354925155666,18.4,18.4,trapezoid_from_zero_normalized_by_max_fraction
cicids2017_binary,42,rid_8593525157bd8c913dcb6144108b0a95,cnn,integrated_gradients,training_median,baseline_marginal_constant,insertion,1,ATTACK,True,1,ATTACK,1.0,0.9997954944847152,50,0.6968547331628088,0.6757955323981999,0.1788577070768861,0.02105920076460894,0.5179970260859226,0.024330912380807736,0.015006376921139625,-0.008353298000824724,1.5499117374420166,1.737853938579559,-0.18794220113754245,18.4,18.4,trapezoid_from_zero_normalized_by_max_fraction
cicids2017_binary,42,rid_09a527fea31178a9ad0ecb1fc521e8fb,cnn,integrated_gradients,training_median,baseline_marginal_constant,insertion,0,BENIGN,True,0,BENIGN,0.99989316866413,9.76741794148e-05,50,0.003008855692905854,0.0020424881992584716,-0.0010881582758759123,0.0009663674936473827,0.004097013968781767,0.0002855130169544994,0.0001983455791463672,0.000577610158520503,0.8172629475593567,0.580794026851654,0.23646892070770265,18.4,18.4,trapezoid_from_zero_normalized_by_max_fraction
cicids2017_binary,42,rid_e7974d4f4c91f9e013db09642e33bb70,cnn,integrated_gradients,training_median,baseline_marginal_constant,insertion,0,BENIGN,True,0,BENIGN,0.9999996262209264,0.0002041317362113,50,-0.10037087510751803,-0.07896889060983935,-0.09541116716002393,-0.021401984497678692,-0.004959707947494119,0.025402155426315215,0.013390326470300161,-0.04764702437946701,2.081650733947754,1.474147610425949,0.6075031235218049,18.4,18.4,trapezoid_from_zero_normalized_by_max_fraction
cicids2017_binary,42,rid_9f3a7f0f10b651a421dd35c1b1afb71c,cnn,integrated_gradients,training_median,baseline_marginal_constant,insertion,0,BENIGN,True,0,BENIGN,0.999993794038346,0.0001982995536308,50,0.0031119347213916628,0.0027398288018797533,0.0005731825148005498,0.0003721059195119095,0.0025387522065911127,0.00011380210839662901,8.42998120731008e-05,0.00020687828784863194,1.2433513402938843,0.7907714785933495,0.45257986170053477,18.4,18.4,trapezoid_from_zero_normalized_by_max_fraction
cicids2017_binary,42,rid_8c9bdead15ce16a77b48e3372d9a8a3d,cnn,integrated_gradients,training_median,baseline_marginal_constant,insertion,0,BENIGN,True,0,BENIGN,0.9999991853068764,0.0002036908221611,50,0.0031205437070980224,0.0022024582348643944,0.001337464435475244,0.0009180854722336279,0.0017830792716227784,0.000325504139269963,0.00022634803916752282,0.00047444331546528314,0.7520796656608582,0.5068780334591866,0.24520163220167157,18.4,18.4,trapezoid_from_zero_normalized_by_max_fraction
cicids2017_binary,42,rid_894f119af6edccd4268535184bc340cf,cnn,integrated_gradients,training_median,baseline_marginal_constant,insertion,0,BENIGN,True,0,BENIGN,0.9999991788482704,0.000203684363555,50,0.0031245206132268777,0.0025535005201491054,-0.00013819047625086966,0.0005710200930777726,0.003262711089477747,0.00015510915283692818,0.00011005897778018857,0.000355304496628603,0.7440434098243713,0.48119522890448574,0.2628481809198856,18.4,18.4,trapezoid_from_zero_normalized_by_max_fraction
cicids2017_binary,42,rid_0d983e5b8810b377ec14cf6f0ef744a4,cnn,integrated_gradients,training_median,baseline_marginal_constant,insertion,0,BENIGN,True,0,BENIGN,0.9999999999999982,0.000204505515283,50,0.003125440619713876,-0.0065745306172756545,-0.011228844000958634,0.00969997123698953,0.01435428462067251,0.0036901464968059493,0.0027543485897024594,0.00430144800117271,1.8843742609024048,1.4151294860839845,0.4692447748184203,18.4,18.4,trapezoid_from_zero_normalized_by_max_fraction
cicids2017_binary,42,rid_12f800a48f581538facdec51ab2454d7,cnn,integrated_gradients,training_median,baseline_marginal_constant,insertion,0,BENIGN,True,0,BENIGN,0.9999333738160204,0.0001378793313051,50,0.0027255451084784,0.0016847769007631967,-0.0005550301656601847,0.0010407682077152032,0.003280575274138584,0.00033039970338473543,0.0002123780319315116,0.0006245072651294405,0.677238941192627,0.5558883748352528,0.12135056635737418,18.4,18.4,trapezoid_from_zero_normalized_by_max_fraction
cicids2017_binary,42,rid_408ae7c441d02f646de26fd9bdce1d45,cnn,integrated_gradients,training_median,baseline_marginal_constant,insertion,1,ATTACK,True,1,ATTACK,0.9999876022338868,0.999783096718602,50,0.8807751197484321,0.6744572444376935,0.12278509675605348,0.2063178753107386,0.7579900229923786,0.03347250965371307,0.01801012070966028,0.17101803871980448,0.5654233694076538,0.39043273574113846,0.17499063366651535,18.4,18.4,trapezoid_from_zero_normalized_by_max_fraction
cicids2017_binary,42,rid_cf4ebdc12c3cb032b70b55c77a7cb796,cnn,integrated_gradients,training_median,baseline_marginal_constant,insertion,1,ATTACK,True,1,ATTACK,1.0,0.9997954944847152,50,0.7671183608588763,0.6700300542329092,0.055453289768070985,0.09708830662596703,0.7116650710908052,0.032230706324756775,0.017864440766189836,0.062074002724234946,1.7995609045028687,1.7016622977256772,0.09789860677719142,18.4,18.4,trapezoid_from_zero_normalized_by_max_fraction
cicids2017_binary,42,rid_12888033c44aa2549d48f3c7bd216973,cnn,integrated_gradients,training_median,baseline_marginal_constant,insertion,1,ATTACK,True,1,ATTACK,1.0,0.9997954944847152,50,0.8561353888479062,0.6843443043384829,0.08648321011234555,0.17179108450942315,0.7696521787355606,0.028451447481359467,0.015999425462536628,0.14043221060285135,1.5481239557266235,1.5290437159538268,0.019080239772796714,18.4,18.4,trapezoid_from_zero_normalized_by_max_fraction
cicids2017_binary,42,rid_c084b42c4af4241dd19e6d04badcf8b5,cnn,integrated_gradients,training_median,baseline_marginal_constant,insertion,1,ATTACK,True,1,ATTACK,1.0,0.9997954944847152,50,0.7027266676654108,0.7481869218179966,0.14047883073114908,-0.045460254152585935,0.5622478369342616,0.01190744539823975,0.009337691770246778,-0.06376213002226962,1.6560293436050415,1.5864622142314913,0.06956712937355025,18.4,18.4,trapezoid_from_zero_normalized_by_max_fraction
cicids2017_binary,42,rid_08c29756d968418335a9524cb0092fef,cnn,integrated_gradients,training_median,baseline_marginal_constant,insertion,1,ATTACK,True,1,ATTACK,1.0,0.9997954944847152,50,0.7410474438336678,0.6569445250828846,0.06748924142445072,0.08410291875078321,0.673558202409217,0.025577488547174208,0.014906328568436352,0.054886514756647964,1.7135206460952759,1.6430025477409358,0.07051809835434009,18.4,18.4,trapezoid_from_zero_normalized_by_max_fraction
cicids2017_binary,42,rid_1c419a3f15eb43644fa650ff6ad71b8a,cnn,integrated_gradients,training_median,baseline_marginal_constant,insertion,0,BENIGN,True,0,BENIGN,0.9999999998386128,0.0002045053538975,50,0.0031254986398885744,0.0030169799750532364,0.001492938568863552,0.00010851866483533775,0.0016325600710250221,3.4158941770497186e-05,2.482098960467583e-05,5.986952521017312e-05,0.9269319772720337,0.8606818118095397,0.06625016546249396,18.4,18.4,trapezoid_from_zero_normalized_by_max_fraction
cicids2017_binary,42,rid_17c75cd659c9243647caddaa9aa43875,cnn,integrated_gradients,target_class_median,baseline_marginal_constant,deletion,1,ATTACK,True,1,ATTACK,1.0,0.9997954944847152,50,0.6267400019336491,0.5405019500290409,0.2369334166237868,0.08623805190460829,0.3898065853098624,0.048009930476481055,0.02226835715774665,0.04259207187542485,1.371642827987671,1.3409231357574463,0.030719692230224638,18.4,18.4,trapezoid_from_zero_normalized_by_max_fraction
cicids2017_binary,42,rid_accf8c0dda146c4a242cdc9d8885e717,cnn,integrated_gradients,target_class_median,baseline_marginal_constant,deletion,1,ATTACK,True,1,ATTACK,1.0,0.9997954944847152,50,0.6980130022857338,0.6239447549771904,0.26985027907862685,0.0740682473085435,0.42816272320710697,0.03952449998256585,0.018030297819338126,0.03872886358264077,1.4263170957565308,1.5295679845809935,-0.10325088882446276,18.4,18.4,trapezoid_from_zero_normalized_by_max_fraction
cicids2017_binary,42,rid_8593525157bd8c913dcb6144108b0a95,cnn,integrated_gradients,target_class_median,baseline_marginal_constant,deletion,1,ATTACK,True,1,ATTACK,1.0,0.9997954944847152,50,0.48258242197334766,0.6104839324254072,0.2018517336322984,-0.12790151045205944,0.2807306883410493,0.04161982172860418,0.019435865031325106,-0.16599580591345664,1.4810367822647095,1.6942014043331146,-0.21316462206840514,18.4,18.4,trapezoid_from_zero_normalized_by_max_fraction
cicids2017_binary,42,rid_09a527fea31178a9ad0ecb1fc521e8fb,cnn,integrated_gradients,target_class_median,baseline_marginal_constant,deletion,0,BENIGN,True,0,BENIGN,0.99989316866413,9.76741794148e-05,50,-9.505135762992723e-05,-8.206207701937275e-05,-3.970809109432594e-05,-1.2989280610554487e-05,-5.534326653560129e-05,1.9387134971147415e-06,1.0360848446861672e-06,-1.5020006906139376e-05,0.16652406752109528,0.1022305597141385,0.06429350780695678,18.4,18.4,trapezoid_from_zero_normalized_by_max_fraction
cicids2017_binary,42,rid_e7974d4f4c91f9e013db09642e33bb70,cnn,integrated_gradients,target_class_median,baseline_marginal_constant,deletion,0,BENIGN,True,0,BENIGN,0.9999996262209264,0.0002041317362113,50,0.0027966841683067403,0.10691970480478978,0.06188949710188249,-0.10412302063648304,-0.05909281293357575,0.03533235517934642,0.018010415845833082,-0.1394234356943159,2.18294620513916,1.5228386511802674,0.6601075539588928,18.4,18.4,trapezoid_from_zero_normalized_by_max_fraction
cicids2017_binary,42,rid_9f3a7f0f10b651a421dd35c1b1afb71c,cnn,integrated_gradients,target_class_median,baseline_marginal_constant,deletion,0,BENIGN,True,0,BENIGN,0.999993794038346,0.0001982995536308,50,-3.861037882302298e-06,3.998596864704495e-06,1.6041911608397186e-05,-7.859634747006794e-06,-1.9902949490699484e-05,2.0782763184113547e-06,1.1723142554661948e-06,-1.0157370687720536e-05,0.6328769326210022,0.2901570293828845,0.3427199032381177,18.4,18.4,trapezoid_from_zero_normalized_by_max_fraction
cicids2017_binary,42,rid_8c9bdead15ce16a77b48e3372d9a8a3d,cnn,integrated_gradients,target_class_median,baseline_marginal_constant,deletion,0,BENIGN,True,0,BENIGN,0.9999991853068764,0.0002036908221611,50,3.313377803237927e-07,9.980279891834697e-07,8.051503639734392e-07,-6.666902088596772e-07,-4.7381258364964656e-07,1.8779672043846035e-07,1.004255877592935e-07,-8.635243608678924e-07,0.17183654010295868,0.07734437369555235,0.09449216640740633,18.4,18.4,trapezoid_from_zero_normalized_by_max_fraction
cicids2017_binary,42,rid_894f119af6edccd4268535184bc340cf,cnn,integrated_gradients,target_class_median,baseline_marginal_constant,deletion,0,BENIGN,True,0,BENIGN,0.9999991788482704,0.000203684363555,50,6.919810175531893e-07,5.377404740443126e-07,2.2371912604057796e-07,1.5424054350887672e-07,4.6826189151261133e-07,6.126277734330846e-08,3.300944609017518e-08,8.954202917213337e-08,0.10224254429340363,0.04051394959539175,0.061728594698011875,18.4,18.4,trapezoid_from_zero_normalized_by_max_fraction
cicids2017_binary,42,rid_0d983e5b8810b377ec14cf6f0ef744a4,cnn,integrated_gradients,target_class_median,baseline_marginal_constant,deletion,0,BENIGN,True,0,BENIGN,0.9999999999999982,0.000204505515283,50,0.0005440039693416443,0.000315400745746907,8.323968452994212e-05,0.00022860322359473734,0.00046076428481170217,0.0001606933904324682,0.00010832878924725462,1.627879667011827e-05,1.908411979675293,1.4501549217700958,0.4582570579051972,18.4,18.4,trapezoid_from_zero_normalized_by_max_fraction
cicids2017_binary,42,rid_12f800a48f581538facdec51ab2454d7,cnn,integrated_gradients,target_class_median,baseline_marginal_constant,deletion,0,BENIGN,True,0,BENIGN,0.9999333738160204,0.0001378793313051,50,-5.4888603096969744e-05,-5.045069450164874e-05,-1.885967770942898e-05,-4.437908595321003e-06,-3.602892538754077e-05,1.68851327363399e-06,9.089454548405912e-07,-6.2194416868085615e-06,0.11691604554653168,0.1392538241446018,-0.022337778598070124,18.4,18.4,trapezoid_from_zero_normalized_by_max_fraction
cicids2017_binary,42,rid_408ae7c441d02f646de26fd9bdce1d45,cnn,integrated_gradients,target_class_median,baseline_marginal_constant,deletion,1,ATTACK,True,1,ATTACK,0.9999876022338868,0.999783096718602,50,0.00019469261169433594,0.0010768191814422606,0.0005086677074432372,-0.0008821265697479247,-0.0003139750957489013,0.0006917321170078883,0.00043173731068470205,-0.0017283316986899406,0.5008310675621033,0.4487178899943828,0.05211317756772049,18.4,18.4,trapezoid_from_zero_normalized_by_max_fraction
cicids2017_binary,42,rid_cf4ebdc12c3cb032b70b55c77a7cb796,cnn,integrated_gradients,target_class_median,baseline_marginal_constant,deletion,1,ATTACK,True,1,ATTACK,1.0,0.9997954944847152,50,0.8594464863337634,0.6829830930453908,0.30681215273716034,0.17646339328837252,0.5526343335966031,0.04280629093182617,0.020804093713339203,0.13568736961022768,1.767007827758789,1.652652997970581,0.11435482978820799,18.4,18.4,trapezoid_from_zero_normalized_by_max_fraction
cicids2017_binary,42,rid_12888033c44aa2549d48f3c7bd216973,cnn,integrated_gradients,target_class_median,baseline_marginal_constant,deletion,1,ATTACK,True,1,ATTACK,1.0,0.9997954944847152,50,0.5543463771569804,0.310796070192886,0.24836162576988818,0.2435503069640944,0.30598475138709225,0.04215875402326446,0.021314034868931006,0.20177479862098963,1.4010562896728516,1.372666431903839,0.028389857769012483,18.4,18.4,trapezoid_from_zero_normalized_by_max_fraction
cicids2017_binary,42,rid_c084b42c4af4241dd19e6d04badcf8b5,cnn,integrated_gradients,target_class_median,baseline_marginal_constant,deletion,1,ATTACK,True,1,ATTACK,1.0,0.9997954944847152,50,0.773050017398782,0.4500308105570686,0.2557460802957562,0.3230192068417135,0.5173039371030259,0.04296145451682836,0.02231778786762829,0.279276342621162,1.4983603954315186,1.383341947555542,0.11501844787597659,18.4,18.4,trapezoid_from_zero_normalized_by_max_fraction
cicids2017_binary,42,rid_08c29756d968418335a9524cb0092fef,cnn,integrated_gradients,target_class_median,baseline_marginal_constant,deletion,1,ATTACK,True,1,ATTACK,1.0,0.9997954944847152,50,0.45464228896307757,0.576870913754884,0.2977938830005522,-0.12222862479180638,0.15684840596252542,0.04154540800345559,0.02041369836475572,-0.16223947358672758,1.6894813776016235,1.6358064732551576,0.053674904346465935,18.4,18.4,trapezoid_from_zero_normalized_by_max_fraction
cicids2017_binary,42,rid_1c419a3f15eb43644fa650ff6ad71b8a,cnn,integrated_gradients,target_class_median,baseline_marginal_constant,deletion,0,BENIGN,True,0,BENIGN,0.9999999998386128,0.0002045053538975,50,0.002516334046441726,0.002206913664264492,1.2017155092587051e-05,0.0003094203821772342,0.002504316891349139,0.001204187129380289,0.0010151847323670435,-0.0016803416932621709,0.8298352360725403,0.6756022820472717,0.1542329540252686,18.4,18.4,trapezoid_from_zero_normalized_by_max_fraction
cicids2017_binary,42,rid_17c75cd659c9243647caddaa9aa43875,cnn,integrated_gradients,target_class_median,baseline_marginal_constant,insertion,1,ATTACK,True,1,ATTACK,1.0,0.9997954944847152,50,-0.01037161648273468,-0.1246735128471355,-0.3876025412076829,0.11430189636440082,0.3772309247249482,0.026181942987611503,0.014469437598921685,0.08594179867051431,1.371642827987671,1.3409231357574463,0.030719692230224638,18.4,18.4,trapezoid_from_zero_normalized_by_max_fraction
cicids2017_binary,42,rid_accf8c0dda146c4a242cdc9d8885e717,cnn,integrated_gradients,target_class_median,baseline_marginal_constant,insertion,1,ATTACK,True,1,ATTACK,1.0,0.9997954944847152,50,-0.1581567257642746,-0.12010694671003148,-0.4089444353288242,-0.03804977905424314,0.25078770956454954,0.032940591754239676,0.017301894394510686,-0.07196149206748409,1.4263170957565308,1.5295679845809935,-0.10325088882446276,18.4,18.4,trapezoid_from_zero_normalized_by_max_fraction
cicids2017_binary,42,rid_8593525157bd8c913dcb6144108b0a95,cnn,integrated_gradients,target_class_median,baseline_marginal_constant,insertion,1,ATTACK,True,1,ATTACK,1.0,0.9997954944847152,50,-0.2256157446652651,-0.10869586062814858,-0.39808175272364155,-0.11691988403711649,0.17246600805837647,0.03452286846433292,0.016495334154564143,-0.14925073898006222,1.4810367822647095,1.6942014043331146,-0.21316462206840514,18.4,18.4,trapezoid_from_zero_normalized_by_max_fraction
cicids2017_binary,42,rid_09a527fea31178a9ad0ecb1fc521e8fb,cnn,integrated_gradients,target_class_median,baseline_marginal_constant,insertion,0,BENIGN,True,0,BENIGN,0.99989316866413,9.76741794148e-05,50,-8.605769206155855e-05,-5.8715034463602934e-05,-8.229203825180775e-06,-2.7342657597955622e-05,-7.782848823637779e-05,2.9799111263560655e-06,1.7969453737101394e-06,-3.0864670530427496e-05,0.16652406752109528,0.1022305597141385,0.06429350780695678,18.4,18.4,trapezoid_from_zero_normalized_by_max_fraction
cicids2017_binary,42,rid_e7974d4f4c91f9e013db09642e33bb70,cnn,integrated_gradients,target_class_median,baseline_marginal_constant,insertion,0,BENIGN,True,0,BENIGN,0.9999996262209264,0.0002041317362113,50,-0.09723210759265885,-0.14316151568710628,-0.04093304403908802,0.0459294080944474,-0.05629906355357085,0.03963602395965739,0.020099969706759393,0.006533467469198993,2.18294620513916,1.5228386511802674,0.6601075539588928,18.4,18.4,trapezoid_from_zero_normalized_by_max_fraction
cicids2017_binary,42,rid_9f3a7f0f10b651a421dd35c1b1afb71c,cnn,integrated_gradients,target_class_median,baseline_marginal_constant,insertion,0,BENIGN,True,0,BENIGN,0.999993794038346,0.0001982995536308,50,-1.3471379855900522e-05,-1.124976880117856e-05,-1.0952143595361008e-05,-2.2216110547219623e-06,-2.5192362605395127e-06,2.2742958949251676e-06,1.353771295192889e-06,-4.875002793300024e-06,0.6328769326210022,0.2901570293828845,0.3427199032381177,18.4,18.4,trapezoid_from_zero_normalized_by_max_fraction
cicids2017_binary,42,rid_8c9bdead15ce16a77b48e3372d9a8a3d,cnn,integrated_gradients,target_class_median,baseline_marginal_constant,insertion,0,BENIGN,True,0,BENIGN,0.9999991853068764,0.0002036908221611,50,-9.863894149475526e-07,-2.0813941844721727e-08,-6.834529741723826e-07,-9.655754731028313e-07,-3.0293644077516997e-07,1.898413548406725e-07,1.0588900181724996e-07,-1.1731179166646412e-06,0.17183654010295868,0.07734437369555235,0.09449216640740633,18.4,18.4,trapezoid_from_zero_normalized_by_max_fraction
cicids2017_binary,42,rid_894f119af6edccd4268535184bc340cf,cnn,integrated_gradients,target_class_median,baseline_marginal_constant,insertion,0,BENIGN,True,0,BENIGN,0.9999991788482704,0.000203684363555,50,5.920286241689609e-07,3.4124853908679145e-07,2.7088189256119226e-08,2.507800850821695e-07,5.649404349128417e-07,5.74838998147258e-08,3.182568995816125e-08,1.884017327641735e-07,0.10224254429340363,0.04051394959539175,0.061728594698011875,18.4,18.4,trapezoid_from_zero_normalized_by_max_fraction
cicids2017_binary,42,rid_0d983e5b8810b377ec14cf6f0ef744a4,cnn,integrated_gradients,target_class_median,baseline_marginal_constant,insertion,0,BENIGN,True,0,BENIGN,0.9999999999999982,0.000204505515283,50,1.405650499330946e-06,-0.0007074803860481708,-0.001805125652115814,0.0007088860365475017,0.0018065313026151449,0.0004238686060506827,0.00028868751204589503,0.00014305851293754742,1.908411979675293,1.4501549217700958,0.4582570579051972,18.4,18.4,trapezoid_from_zero_normalized_by_max_fraction
cicids2017_binary,42,rid_12f800a48f581538facdec51ab2454d7,cnn,integrated_gradients,target_class_median,baseline_marginal_constant,insertion,0,BENIGN,True,0,BENIGN,0.9999333738160204,0.0001378793313051,50,-3.628192050086909e-05,-6.467850337384107e-05,-1.3267026749133492e-05,2.8396582872971972e-05,-2.3014893751735598e-05,4.102924070537182e-06,2.5237360832261415e-06,2.3450060149848736e-05,0.11691604554653168,0.1392538241446018,-0.022337778598070124,18.4,18.4,trapezoid_from_zero_normalized_by_max_fraction
cicids2017_binary,42,rid_408ae7c441d02f646de26fd9bdce1d45,cnn,integrated_gradients,target_class_median,baseline_marginal_constant,insertion,1,ATTACK,True,1,ATTACK,0.9999876022338868,0.999783096718602,50,5.66244125366211e-08,-0.0004945701956748963,-0.0014920052886009216,0.0004946268200874328,0.001492061913013458,0.00026135572067739537,0.00017079269840972075,0.00015987313120438014,0.5008310675621033,0.4487178899943828,0.05211317756772049,18.4,18.4,trapezoid_from_zero_normalized_by_max_fraction
cicids2017_binary,42,rid_cf4ebdc12c3cb032b70b55c77a7cb796,cnn,integrated_gradients,target_class_median,baseline_marginal_constant,insertion,1,ATTACK,True,1,ATTACK,1.0,0.9997954944847152,50,-0.0027159392833709713,-0.1896383605479573,-0.48075829154841676,0.18692242126458633,0.47804235226504577,0.03889131543881851,0.020174200588816416,0.14738098811050615,1.767007827758789,1.652652997970581,0.11435482978820799,18.4,18.4,trapezoid_from_zero_normalized_by_max_fraction
cicids2017_binary,42,rid_12888033c44aa2549d48f3c7bd216973,cnn,integrated_gradients,target_class_median,baseline_marginal_constant,insertion,1,ATTACK,True,1,ATTACK,1.0,0.9997954944847152,50,-0.10060573816299438,-0.20901950181940188,-0.36828365892725107,0.10841376365640745,0.26767792076425667,0.03653617733469336,0.01934202916566026,0.07050338649171334,1.4010562896728516,1.372666431903839,0.028389857769012483,18.4,18.4,trapezoid_from_zero_normalized_by_max_fraction
cicids2017_binary,42,rid_c084b42c4af4241dd19e6d04badcf8b5,cnn,integrated_gradients,target_class_median,baseline_marginal_constant,insertion,1,ATTACK,True,1,ATTACK,1.0,0.9997954944847152,50,-0.15478429939830676,-0.09496224601899668,-0.317854416253039,-0.05982205337931008,0.16307011685473222,0.02021243804494164,0.012145853664268052,-0.08362792656127546,1.4983603954315186,1.383341947555542,0.11501844787597659,18.4,18.4,trapezoid_from_zero_normalized_by_max_fraction
cicids2017_binary,42,rid_08c29756d968418335a9524cb0092fef,cnn,integrated_gradients,target_class_median,baseline_marginal_constant,insertion,1,ATTACK,True,1,ATTACK,1.0,0.9997954944847152,50,-0.07765446901321411,-0.16372497396401542,-0.47232623673344454,0.08607050495080129,0.3946717677202305,0.02979562083575253,0.01578073445094454,0.05514026542695,1.6894813776016235,1.6358064732551576,0.053674904346465935,18.4,18.4,trapezoid_from_zero_normalized_by_max_fraction
cicids2017_binary,42,rid_1c419a3f15eb43644fa650ff6ad71b8a,cnn,integrated_gradients,target_class_median,baseline_marginal_constant,insertion,0,BENIGN,True,0,BENIGN,0.9999999998386128,0.0002045053538975,50,1.4075267358748533e-06,-0.00024369756625571923,-0.0014223378859180768,0.0002451050929915941,0.001423745412653952,0.00020485154903924913,0.00013166241330426058,-1.2953237084756622e-05,0.8298352360725403,0.6756022820472717,0.1542329540252686,18.4,18.4,trapezoid_from_zero_normalized_by_max_fraction
cicids2017_binary,42,rid_17c75cd659c9243647caddaa9aa43875,cnn,integrated_gradients,joint_donor,dependency_preserving,deletion,1,ATTACK,True,1,ATTACK,1.0,0.9997954944847152,50,0.8069520746506896,0.6321737065131021,0.19167515840039673,0.17477836813758746,0.6152769162502929,0.04998533276171737,0.02336215145232646,0.1289885512910276,1.430151104927063,1.5080356845855714,-0.07788457965850837,18.4,18.4,trapezoid_from_zero_normalized_by_max_fraction
cicids2017_binary,42,rid_accf8c0dda146c4a242cdc9d8885e717,cnn,integrated_gradients,joint_donor,dependency_preserving,deletion,1,ATTACK,True,1,ATTACK,1.0,0.9997954944847152,50,0.8903043751604856,0.2167428247367555,0.20411946534391007,0.67356155042373,0.6861849098165755,0.043754266813693495,0.0231529101885871,0.6281818464540992,0.4521535336971283,0.3680961701273918,0.08405736356973648,18.4,18.4,trapezoid_from_zero_normalized_by_max_fraction
cicids2017_binary,42,rid_8593525157bd8c913dcb6144108b0a95,cnn,integrated_gradients,joint_donor,dependency_preserving,deletion,1,ATTACK,True,1,ATTACK,1.0,0.9997954944847152,50,0.8112765028025024,0.4066529107420157,0.17720501459649562,0.4046235920604867,0.6340714882060068,0.048390897874422245,0.025055426293645978,0.3555149565249406,1.5753421783447266,1.5089155237674714,0.06642665457725516,18.4,18.4,trapezoid_from_zero_normalized_by_max_fraction
cicids2017_binary,42,rid_09a527fea31178a9ad0ecb1fc521e8fb,cnn,integrated_gradients,joint_donor,dependency_preserving,deletion,0,BENIGN,True,0,BENIGN,0.99989316866413,9.76741794148e-05,50,0.20118471909972585,0.03577885353363422,0.06417892107002168,0.16540586556609163,0.13700579802970414,0.015723945992816415,0.009891554370151507,0.14601841900059467,0.0404650941491127,0.0410947160795331,-0.0006296219304203973,18.4,18.4,trapezoid_from_zero_normalized_by_max_fraction
cicids2017_binary,42,rid_e7974d4f4c91f9e013db09642e33bb70,cnn,integrated_gradients,joint_donor,dependency_preserving,deletion,0,BENIGN,True,0,BENIGN,0.9999996262209264,0.0002041317362113,50,0.023209179367107424,0.13746407420859594,0.08871495954134871,-0.11425489484148851,-0.0655057801742413,0.039483951186933104,0.01869368344292199,-0.1508945143896156,2.194916248321533,1.7925971636772158,0.4023190846443174,18.4,18.4,trapezoid_from_zero_normalized_by_max_fraction
cicids2017_binary,42,rid_9f3a7f0f10b651a421dd35c1b1afb71c,cnn,integrated_gradients,joint_donor,dependency_preserving,deletion,0,BENIGN,True,0,BENIGN,0.999993794038346,0.0001982995536308,50,0.11511981545277195,0.20654109435474907,0.054494929539488715,-0.09142127890197713,0.06062488591328324,0.04566046624188021,0.024800805120678414,-0.1400308569385068,1.3753961324691772,1.0157068461179732,0.359689286351204,18.4,18.4,trapezoid_from_zero_normalized_by_max_fraction
cicids2017_binary,42,rid_8c9bdead15ce16a77b48e3372d9a8a3d,cnn,integrated_gradients,joint_donor,dependency_preserving,deletion,0,BENIGN,True,0,BENIGN,0.9999991853068764,0.0002036908221611,50,0.08233456249116546,0.053702452402877174,0.03321867825710779,0.028632110088288292,0.049115884234057675,0.019202929060461296,0.010733822771278233,0.007593817456582955,0.10955862700939178,0.05843667620420456,0.05112195080518722,18.4,18.4,trapezoid_from_zero_normalized_by_max_fraction
cicids2017_binary,42,rid_894f119af6edccd4268535184bc340cf,cnn,integrated_gradients,joint_donor,dependency_preserving,deletion,0,BENIGN,True,0,BENIGN,0.9999991788482704,0.000203684363555,50,0.12853976567017183,0.07273651098197247,0.04312133869327273,0.055803254688199376,0.08541842697689914,0.025397265277279053,0.015402461886059511,0.025614429391522735,0.2775364816188812,0.14289058123528958,0.13464590038359164,18.4,18.4,trapezoid_from_zero_normalized_by_max_fraction
cicids2017_binary,42,rid_0d983e5b8810b377ec14cf6f0ef744a4,cnn,integrated_gradients,joint_donor,dependency_preserving,deletion,0,BENIGN,True,0,BENIGN,0.9999999999999982,0.000204505515283,50,3.616527023995176e-05,0.04862293935771732,0.005529953100921387,-0.04858677408747737,-0.005493787830681436,0.018027319737001248,0.012689045136387059,-0.073457302554796,1.9042961597442627,1.4574725809097289,0.44682357883453383,18.4,18.4,trapezoid_from_zero_normalized_by_max_fraction
cicids2017_binary,42,rid_12f800a48f581538facdec51ab2454d7,cnn,integrated_gradients,joint_donor,dependency_preserving,deletion,0,BENIGN,True,0,BENIGN,0.9999333738160204,0.0001378793313051,50,0.0023450138622763466,0.16903257276299977,0.0423092138070348,-0.1666875589007234,-0.03996419994475845,0.039109114327176994,0.021995315933335306,-0.20979837813006058,0.767312228679657,0.6805263104438781,0.08678591823577886,18.4,18.4,trapezoid_from_zero_normalized_by_max_fraction
cicids2017_binary,42,rid_408ae7c441d02f646de26fd9bdce1d45,cnn,integrated_gradients,joint_donor,dependency_preserving,deletion,1,ATTACK,True,1,ATTACK,0.9999876022338868,0.999783096718602,50,0.49765278084087183,0.38075354986578985,0.29021140368243603,0.11689923097508198,0.20744137715843583,0.05798935130760441,0.028410785479757474,0.06121409143475733,0.9446457028388977,1.036309951543808,-0.09166424870491019,18.4,18.4,trapezoid_from_zero_normalized_by_max_fraction
cicids2017_binary,42,rid_cf4ebdc12c3cb032b70b55c77a7cb796,cnn,integrated_gradients,joint_donor,dependency_preserving,deletion,1,ATTACK,True,1,ATTACK,1.0,0.9997954944847152,50,0.6385773143651021,0.6815888981333191,0.2238149800921625,-0.043011583768217065,0.41476233427293974,0.0512238668257838,0.02450151388759431,-0.09103455098790192,1.81210458278656,1.8245495581626894,-0.01244497537612932,18.4,18.4,trapezoid_from_zero_normalized_by_max_fraction
cicids2017_binary,42,rid_12888033c44aa2549d48f3c7bd216973,cnn,integrated_gradients,joint_donor,dependency_preserving,deletion,1,ATTACK,True,1,ATTACK,1.0,0.9997954944847152,50,0.5663649189256831,0.3409539522612825,0.14926171305394098,0.22541096666440052,0.417103205871742,0.05091460202501044,0.026201038723829975,0.17405693076569378,1.571411371231079,2.0642386474609373,-0.4928272762298582,18.4,18.4,trapezoid_from_zero_normalized_by_max_fraction
cicids2017_binary,42,rid_c084b42c4af4241dd19e6d04badcf8b5,cnn,integrated_gradients,joint_donor,dependency_preserving,deletion,1,ATTACK,True,1,ATTACK,1.0,0.9997954944847152,50,0.9413495386950671,0.5329695179391407,0.1772810907889528,0.4083800207559265,0.7640684479061144,0.05013910326821397,0.025686729127441115,0.3580340316661419,1.7168166637420654,1.5187193851470944,0.19809727859497106,18.4,18.4,trapezoid_from_zero_normalized_by_max_fraction
cicids2017_binary,42,rid_08c29756d968418335a9524cb0092fef,cnn,integrated_gradients,joint_donor,dependency_preserving,deletion,1,ATTACK,True,1,ATTACK,1.0,0.9997954944847152,50,0.4499224711673378,0.5206588346064603,0.255404780290623,-0.07073636343912257,0.19451769087671475,0.054035387353895264,0.02657999433803051,-0.12283315234166237,0.7376382946968079,0.7360170561075211,0.0016212385892867553,18.4,18.4,trapezoid_from_zero_normalized_by_max_fraction
cicids2017_binary,42,rid_1c419a3f15eb43644fa650ff6ad71b8a,cnn,integrated_gradients,joint_donor,dependency_preserving,deletion,0,BENIGN,True,0,BENIGN,0.9999999998386128,0.0002045053538975,50,0.001967548474948322,0.012942505101443591,0.024987722035205783,-0.010974956626495268,-0.023020173560257463,0.010619237050360783,0.0074811450292624855,-0.025638000883849738,1.730323076248169,1.6641780028343203,0.06614507341384868,18.4,18.4,trapezoid_from_zero_normalized_by_max_fraction
cicids2017_binary,42,rid_17c75cd659c9243647caddaa9aa43875,cnn,integrated_gradients,joint_donor,dependency_preserving,insertion,1,ATTACK,True,1,ATTACK,1.0,0.9997954944847152,50,-0.09892257321625948,-0.2181461711656929,-0.5467971649317711,0.11922359794943344,0.44787459171551164,0.04276991376144343,0.019991176063690063,0.08004089286460092,1.430151104927063,1.5080356845855714,-0.07788457965850837,18.4,18.4,trapezoid_from_zero_normalized_by_max_fraction
cicids2017_binary,42,rid_accf8c0dda146c4a242cdc9d8885e717,cnn,integrated_gradients,joint_donor,dependency_preserving,insertion,1,ATTACK,True,1,ATTACK,1.0,0.9997954944847152,50,-0.29998997746047273,-0.5498946629199428,-0.4961017875131516,0.24990468545947003,0.19611181005267883,0.061648682942485995,0.029084139636426868,0.19289977177207338,0.4521535336971283,0.3680961701273918,0.08405736356973648,18.4,18.4,trapezoid_from_zero_normalized_by_max_fraction
cicids2017_binary,42,rid_8593525157bd8c913dcb6144108b0a95,cnn,integrated_gradients,joint_donor,dependency_preserving,insertion,1,ATTACK,True,1,ATTACK,1.0,0.9997954944847152,50,0.6988196575145537,0.547137928889243,0.3935675772861048,0.15168172862531065,0.30525208022844885,0.05979135142900931,0.027974060870939607,0.09685256931826902,1.5753421783447266,1.5089155237674714,0.06642665457725516,18.4,18.4,trapezoid_from_zero_normalized_by_max_fraction
cicids2017_binary,42,rid_09a527fea31178a9ad0ecb1fc521e8fb,cnn,integrated_gradients,joint_donor,dependency_preserving,insertion,0,BENIGN,True,0,BENIGN,0.99989316866413,9.76741794148e-05,50,-0.10296872898556728,-0.2878504834204358,-0.33330463581510483,0.1848817544348685,0.23033590682953753,0.05388309366499455,0.025552407789658765,0.13479903516713734,0.0404650941491127,0.0410947160795331,-0.0006296219304203973,18.4,18.4,trapezoid_from_zero_normalized_by_max_fraction
cicids2017_binary,42,rid_e7974d4f4c91f9e013db09642e33bb70,cnn,integrated_gradients,joint_donor,dependency_preserving,insertion,0,BENIGN,True,0,BENIGN,0.9999996262209264,0.0002041317362113,50,-0.0003049339252417127,-0.15910230920365057,-0.32693708351772244,0.15879737527840887,0.32663214959248077,0.042188912112163586,0.019284860637826584,0.12099904842826877,2.194916248321533,1.7925971636772158,0.4023190846443174,18.4,18.4,trapezoid_from_zero_normalized_by_max_fraction
cicids2017_binary,42,rid_9f3a7f0f10b651a421dd35c1b1afb71c,cnn,integrated_gradients,joint_donor,dependency_preserving,insertion,0,BENIGN,True,0,BENIGN,0.999993794038346,0.0001982995536308,50,0.9499535035900519,0.826638912590893,0.6161441773479397,0.12331459099915905,0.33380932624211235,0.036716503828891196,0.017373730371631885,0.08926207947076056,1.3753961324691772,1.0157068461179732,0.359689286351204,18.4,18.4,trapezoid_from_zero_normalized_by_max_fraction
cicids2017_binary,42,rid_8c9bdead15ce16a77b48e3372d9a8a3d,cnn,integrated_gradients,joint_donor,dependency_preserving,insertion,0,BENIGN,True,0,BENIGN,0.9999991853068764,0.0002036908221611,50,-0.00012598843706967955,-0.19162077575760086,-0.3251914229541873,0.19149478732053113,0.32506543451711767,0.04406450512509476,0.020732944453244282,0.15085821619217232,0.10955862700939178,0.05843667620420456,0.05112195080518722,18.4,18.4,trapezoid_from_zero_normalized_by_max_fraction
cicids2017_binary,42,rid_894f119af6edccd4268535184bc340cf,cnn,integrated_gradients,joint_donor,dependency_preserving,insertion,0,BENIGN,True,0,BENIGN,0.9999991788482704,0.000203684363555,50,-5.586256607319486e-05,-0.20126798905778004,-0.3579093248094036,0.20121212649170683,0.35785346224333037,0.04899947445715663,0.022268847484323933,0.15756518542243192,0.2775364816188812,0.14289058123528958,0.13464590038359164,18.4,18.4,trapezoid_from_zero_normalized_by_max_fraction
cicids2017_binary,42,rid_0d983e5b8810b377ec14cf6f0ef744a4,cnn,integrated_gradients,joint_donor,dependency_preserving,insertion,0,BENIGN,True,0,BENIGN,0.9999999999999982,0.000204505515283,50,0.9495675158054615,0.7795817503623471,0.6710649168399566,0.1699857654431145,0.27850259896550505,0.040839222422402816,0.021077972698994658,0.12867293895308496,1.9042961597442627,1.4574725809097289,0.44682357883453383,18.4,18.4,trapezoid_from_zero_normalized_by_max_fraction
cicids2017_binary,42,rid_12f800a48f581538facdec51ab2454d7,cnn,integrated_gradients,joint_donor,dependency_preserving,insertion,0,BENIGN,True,0,BENIGN,0.9999333738160204,0.0001378793313051,50,0.782804748370836,0.7667521867855852,0.6057535095866442,0.016052561585250865,0.17705123878419174,0.04445897027502544,0.02073136848502315,-0.02458092064539451,0.767312228679657,0.6805263104438781,0.08678591823577886,18.4,18.4,trapezoid_from_zero_normalized_by_max_fraction
cicids2017_binary,42,rid_408ae7c441d02f646de26fd9bdce1d45,cnn,integrated_gradients,joint_donor,dependency_preserving,insertion,1,ATTACK,True,1,ATTACK,0.9999876022338868,0.999783096718602,50,-0.3335576713083479,-0.47711739298230127,-0.49948320239913035,0.1435597216739534,0.16592553109078248,0.06434868200162278,0.030368897379685296,0.08403668280977022,0.9446457028388977,1.036309951543808,-0.09166424870491019,18.4,18.4,trapezoid_from_zero_normalized_by_max_fraction
cicids2017_binary,42,rid_cf4ebdc12c3cb032b70b55c77a7cb796,cnn,integrated_gradients,joint_donor,dependency_preserving,insertion,1,ATTACK,True,1,ATTACK,1.0,0.9997954944847152,50,0.7006740714480102,0.7424133430582459,0.3863974106980534,-0.041739271610235634,0.31427666074995686,0.04800246414448335,0.02263392232436148,-0.08610175936598413,1.81210458278656,1.8245495581626894,-0.01244497537612932,18.4,18.4,trapezoid_from_zero_normalized_by_max_fraction
cicids2017_binary,42,rid_12888033c44aa2549d48f3c7bd216973,cnn,integrated_gradients,joint_donor,dependency_preserving,insertion,1,ATTACK,True,1,ATTACK,1.0,0.9997954944847152,50,-0.025299490429461002,-0.4046105481339667,-0.4612512587706234,0.3793110577045056,0.43595176834116234,0.06351850740212042,0.03024395257782107,0.3200329106519763,1.571411371231079,2.0642386474609373,-0.4928272762298582,18.4,18.4,trapezoid_from_zero_normalized_by_max_fraction
cicids2017_binary,42,rid_c084b42c4af4241dd19e6d04badcf8b5,cnn,integrated_gradients,joint_donor,dependency_preserving,insertion,1,ATTACK,True,1,ATTACK,1.0,0.9997954944847152,50,0.7954740496309114,0.6945793469809074,0.47392391261535416,0.10089470265000391,0.3215501370155572,0.049213817311162956,0.022952502504576724,0.055907797741033535,1.7168166637420654,1.5187193851470944,0.19809727859497106,18.4,18.4,trapezoid_from_zero_normalized_by_max_fraction
cicids2017_binary,42,rid_08c29756d968418335a9524cb0092fef,cnn,integrated_gradients,joint_donor,dependency_preserving,insertion,1,ATTACK,True,1,ATTACK,1.0,0.9997954944847152,50,0.7769006070598834,0.6121507044704706,0.3389897075632623,0.16474990258941272,0.4379108994966211,0.047192980734185104,0.02380635510149687,0.11808944659047885,0.7376382946968079,0.7360170561075211,0.0016212385892867553,18.4,18.4,trapezoid_from_zero_normalized_by_max_fraction
cicids2017_binary,42,rid_1c419a3f15eb43644fa650ff6ad71b8a,cnn,integrated_gradients,joint_donor,dependency_preserving,insertion,0,BENIGN,True,0,BENIGN,0.9999999998386128,0.0002045053538975,50,-0.0003746774201368319,-0.30993898150603,-0.23201505497478905,0.3095643040858932,0.23164037755465222,0.054498424086776145,0.026799569888684996,0.2570371471040706,1.730323076248169,1.6641780028343203,0.06614507341384868,18.4,18.4,trapezoid_from_zero_normalized_by_max_fraction
cicids2017_binary,42,rid_17c75cd659c9243647caddaa9aa43875,cnn,integrated_gradients,target_class_donor,dependency_preserving_conditional_on_class,deletion,1,ATTACK,True,1,ATTACK,1.0,0.9997954944847152,50,0.7462142746775497,0.38383630179814376,0.16143534356999886,0.3623779728794061,0.584778931107551,0.05767009378447317,0.02770369766093348,0.30807872546397647,1.4235174655914307,1.4575504372119903,-0.03403297162055963,18.4,18.4,trapezoid_from_zero_normalized_by_max_fraction
cicids2017_binary,42,rid_accf8c0dda146c4a242cdc9d8885e717,cnn,integrated_gradients,target_class_donor,dependency_preserving_conditional_on_class,deletion,1,ATTACK,True,1,ATTACK,1.0,0.9997954944847152,50,0.441074409452267,0.28548914698354927,0.16420010701099688,0.15558526246871773,0.2768743024412701,0.05263207777192641,0.026539804396784383,0.10356724585102034,1.4967625141143799,2.310444073677063,-0.8136815595626832,18.4,18.4,trapezoid_from_zero_normalized_by_max_fraction
cicids2017_binary,42,rid_8593525157bd8c913dcb6144108b0a95,cnn,integrated_gradients,target_class_donor,dependency_preserving_conditional_on_class,deletion,1,ATTACK,True,1,ATTACK,1.0,0.9997954944847152,50,0.33404908180236814,0.29449757223649065,0.1588308345605285,0.039551509565877524,0.1752182472418397,0.047854746379797336,0.025269829746662663,-0.009977356737581294,1.543860912322998,1.4329428808689118,0.1109180314540863,18.4,18.4,trapezoid_from_zero_normalized_by_max_fraction
cicids2017_binary,42,rid_09a527fea31178a9ad0ecb1fc521e8fb,cnn,integrated_gradients,target_class_donor,dependency_preserving_conditional_on_class,deletion,0,BENIGN,True,0,BENIGN,0.99989316866413,9.76741794148e-05,50,-6.917037577522934e-05,0.0015989119405166975,0.009881688914128125,-0.0016680823162919267,-0.009950859289903354,0.0012227450901803932,0.0008696348738895795,-0.003372566669115502,0.763944149017334,0.5397150359153747,0.22422911310195925,18.4,18.4,trapezoid_from_zero_normalized_by_max_fraction
cicids2017_binary,42,rid_e7974d4f4c91f9e013db09642e33bb70,cnn,integrated_gradients,target_class_donor,dependency_preserving_conditional_on_class,deletion,0,BENIGN,True,0,BENIGN,0.9999996262209264,0.0002041317362113,50,0.0010775888859424377,0.08016750675198468,0.05119884265621046,-0.07908991786604225,-0.05012125377026802,0.02691765165339744,0.012946432219740733,-0.10446492501673409,1.925325632095337,1.7490918226242065,0.17623380947113043,18.4,18.4,trapezoid_from_zero_normalized_by_max_fraction
cicids2017_binary,42,rid_9f3a7f0f10b651a421dd35c1b1afb71c,cnn,integrated_gradients,target_class_donor,dependency_preserving_conditional_on_class,deletion,0,BENIGN,True,0,BENIGN,0.999993794038346,0.0001982995536308,50,0.00021384490729587925,0.01312356494376146,0.003528800046421631,-0.01290972003646558,-0.0033149551391257522,0.011145960688422756,0.006850258963757647,-0.02633622760543057,1.572348713874817,1.681756151914597,-0.10940743803978004,18.4,18.4,trapezoid_from_zero_normalized_by_max_fraction
cicids2017_binary,42,rid_8c9bdead15ce16a77b48e3372d9a8a3d,cnn,integrated_gradients,target_class_donor,dependency_preserving_conditional_on_class,deletion,0,BENIGN,True,0,BENIGN,0.9999991853068764,0.0002036908221611,50,0.03321986313243761,0.003535756733080925,0.005233316574164313,0.02968410639935668,0.027986546558273297,0.002053835496041251,0.001728557363626394,0.026296133966648948,0.09698783606290817,0.0602608844563365,0.036726951606571676,18.4,18.4,trapezoid_from_zero_normalized_by_max_fraction
cicids2017_binary,42,rid_894f119af6edccd4268535184bc340cf,cnn,integrated_gradients,target_class_donor,dependency_preserving_conditional_on_class,deletion,0,BENIGN,True,0,BENIGN,0.9999991788482704,0.000203684363555,50,0.023406579768735017,0.007667589250683495,0.0024635564097776857,0.01573899051805152,0.020943023358957327,0.004860261426333844,0.0028698160683282045,0.01011415102412824,0.04631391912698746,0.03795004238188267,0.00836387674510479,18.4,18.4,trapezoid_from_zero_normalized_by_max_fraction
cicids2017_binary,42,rid_0d983e5b8810b377ec14cf6f0ef744a4,cnn,integrated_gradients,target_class_donor,dependency_preserving_conditional_on_class,deletion,0,BENIGN,True,0,BENIGN,0.9999999999999982,0.000204505515283,50,8.069278917832711e-08,0.0002471518428506556,0.0020388442046316395,-0.00024707115006147726,-0.002038763511842461,0.00014059186519325585,0.00010258008329033219,-0.00044812811331052834,1.2950594425201416,1.396299941062927,-0.1012404985427855,18.4,18.4,trapezoid_from_zero_normalized_by_max_fraction
cicids2017_binary,42,rid_12f800a48f581538facdec51ab2454d7,cnn,integrated_gradients,target_class_donor,dependency_preserving_conditional_on_class,deletion,0,BENIGN,True,0,BENIGN,0.9999333738160204,0.0001378793313051,50,0.0023064624820161583,0.007837091321614257,0.002418385339426087,-0.0055306288395980995,-0.00011192285740992862,0.005296780400791798,0.004218060442199515,-0.013798027306309149,0.18891409039497375,0.1837964114397764,0.005117678955197352,18.4,18.4,trapezoid_from_zero_normalized_by_max_fraction
cicids2017_binary,42,rid_408ae7c441d02f646de26fd9bdce1d45,cnn,integrated_gradients,target_class_donor,dependency_preserving_conditional_on_class,deletion,1,ATTACK,True,1,ATTACK,0.9999876022338868,0.999783096718602,50,0.1004345492925495,0.21822684475974258,0.1424143993673797,-0.11779229546719305,-0.041979850074830204,0.05106178606787058,0.0248247341629048,-0.16644877442648645,0.8035129308700562,0.9630061075985432,-0.15949317672848706,18.4,18.4,trapezoid_from_zero_normalized_by_max_fraction
cicids2017_binary,42,rid_cf4ebdc12c3cb032b70b55c77a7cb796,cnn,integrated_gradients,target_class_donor,dependency_preserving_conditional_on_class,deletion,1,ATTACK,True,1,ATTACK,1.0,0.9997954944847152,50,0.6496572318238578,0.28499676558639847,0.19224553418188073,0.3646604662374592,0.457411697641977,0.05178419025609745,0.026986328514083193,0.31176726234985613,0.16861775517463684,0.1761136387847364,-0.007495883610099563,18.4,18.4,trapezoid_from_zero_normalized_by_max_fraction
cicids2017_binary,42,rid_12888033c44aa2549d48f3c7bd216973,cnn,integrated_gradients,target_class_donor,dependency_preserving_conditional_on_class,deletion,1,ATTACK,True,1,ATTACK,1.0,0.9997954944847152,50,0.4078573263919679,0.25011493863293,0.14159056221300795,0.1577423877590379,0.26626676417896,0.04540635771081589,0.022582359282822505,0.1134809635647058,1.4812437295913696,1.4428132452964784,0.038430484294891265,18.4,18.4,trapezoid_from_zero_normalized_by_max_fraction
cicids2017_binary,42,rid_c084b42c4af4241dd19e6d04badcf8b5,cnn,integrated_gradients,target_class_donor,dependency_preserving_conditional_on_class,deletion,1,ATTACK,True,1,ATTACK,1.0,0.9997954944847152,50,0.6435304727288894,0.27840762241298944,0.16351027234113608,0.36512285031589997,0.4800202003877533,0.051123049768014295,0.02595960325898537,0.31424202792828865,1.6843010187149048,1.8079157810211182,-0.12361476230621338,18.4,18.4,trapezoid_from_zero_normalized_by_max_fraction
cicids2017_binary,42,rid_08c29756d968418335a9524cb0092fef,cnn,integrated_gradients,target_class_donor,dependency_preserving_conditional_on_class,deletion,1,ATTACK,True,1,ATTACK,1.0,0.9997954944847152,50,0.6429018720285967,0.3981554375023813,0.1828729803959316,0.24474643452621542,0.4600288916326651,0.05699408205758227,0.02950562247868677,0.18691541446798934,0.24924762547016144,0.3168255818486213,-0.06757795637845987,18.4,18.4,trapezoid_from_zero_normalized_by_max_fraction
cicids2017_binary,42,rid_1c419a3f15eb43644fa650ff6ad71b8a,cnn,integrated_gradients,target_class_donor,dependency_preserving_conditional_on_class,deletion,0,BENIGN,True,0,BENIGN,0.9999999998386128,0.0002045053538975,50,0.0020593852507854115,0.0029877479791021147,0.0022040590225208766,-0.0009283627283167037,-0.00014467377173546557,0.0029139064287372982,0.002833198407972119,-0.006481431607942057,0.8113149404525757,0.763549176454544,0.047765763998031674,18.4,18.4,trapezoid_from_zero_normalized_by_max_fraction
cicids2017_binary,42,rid_17c75cd659c9243647caddaa9aa43875,cnn,integrated_gradients,target_class_donor,dependency_preserving_conditional_on_class,insertion,1,ATTACK,True,1,ATTACK,1.0,0.9997954944847152,50,-0.02250087261199951,-0.08764281722540182,-0.24728840203462382,0.0651419446134023,0.22478752942262428,0.02375605597825352,0.013979505608376646,0.03774211362098407,1.4235174655914307,1.4575504372119903,-0.03403297162055963,18.4,18.4,trapezoid_from_zero_normalized_by_max_fraction
cicids2017_binary,42,rid_accf8c0dda146c4a242cdc9d8885e717,cnn,integrated_gradients,target_class_donor,dependency_preserving_conditional_on_class,insertion,1,ATTACK,True,1,ATTACK,1.0,0.9997954944847152,50,-0.11409544926136732,-0.195926774260769,-0.25031651493048324,0.08183132499940166,0.13622106566911588,0.046548296195077714,0.02341392561784191,0.03594003078843151,1.4967625141143799,2.310444073677063,-0.8136815595626832,18.4,18.4,trapezoid_from_zero_normalized_by_max_fraction
cicids2017_binary,42,rid_8593525157bd8c913dcb6144108b0a95,cnn,integrated_gradients,target_class_donor,dependency_preserving_conditional_on_class,insertion,1,ATTACK,True,1,ATTACK,1.0,0.9997954944847152,50,-0.0549797534942627,-0.21756101501677808,-0.2662476525652042,0.16258126152251534,0.21126789907094154,0.048528042210002356,0.022964408889415817,0.11757102009926035,1.543860912322998,1.4329428808689118,0.1109180314540863,18.4,18.4,trapezoid_from_zero_normalized_by_max_fraction
cicids2017_binary,42,rid_09a527fea31178a9ad0ecb1fc521e8fb,cnn,integrated_gradients,target_class_donor,dependency_preserving_conditional_on_class,insertion,0,BENIGN,True,0,BENIGN,0.99989316866413,9.76741794148e-05,50,-8.017570996860513e-05,-0.010427367744555908,-0.005584812131682283,0.010347192034587303,0.005504636421713677,0.007849345952972299,0.004716525428035799,0.0011028021956371384,0.763944149017334,0.5397150359153747,0.22422911310195925,18.4,18.4,trapezoid_from_zero_normalized_by_max_fraction
cicids2017_binary,42,rid_e7974d4f4c91f9e013db09642e33bb70,cnn,integrated_gradients,target_class_donor,dependency_preserving_conditional_on_class,insertion,0,BENIGN,True,0,BENIGN,0.9999996262209264,0.0002041317362113,50,-0.06351384978071127,-0.020378208514807667,-0.031315081361586714,-0.04313564126590359,-0.03219876841912454,0.012210968135640373,0.007157398133500665,-0.057164141607564896,1.925325632095337,1.7490918226242065,0.17623380947113043,18.4,18.4,trapezoid_from_zero_normalized_by_max_fraction
cicids2017_binary,42,rid_9f3a7f0f10b651a421dd35c1b1afb71c,cnn,integrated_gradients,target_class_donor,dependency_preserving_conditional_on_class,insertion,0,BENIGN,True,0,BENIGN,0.999993794038346,0.0001982995536308,50,0.00011615939486429027,-0.0011300774606455737,-0.0034745928710803006,0.001246236855509864,0.003590752265944591,0.0008278967288806802,0.0005512958804214508,0.00016569692988382045,1.572348713874817,1.681756151914597,-0.10940743803978004,18.4,18.4,trapezoid_from_zero_normalized_by_max_fraction
cicids2017_binary,42,rid_8c9bdead15ce16a77b48e3372d9a8a3d,cnn,integrated_gradients,target_class_donor,dependency_preserving_conditional_on_class,insertion,0,BENIGN,True,0,BENIGN,0.9999991853068764,0.0002036908221611,50,-1.3212275130625198e-07,-0.0039059247935540036,-0.0058509446888961435,0.003905792670802697,0.005850812566144837,0.0038824313442022474,0.00385993780476439,-0.0036596854265355068,0.09698783606290817,0.0602608844563365,0.036726951606571676,18.4,18.4,trapezoid_from_zero_normalized_by_max_fraction
cicids2017_binary,42,rid_894f119af6edccd4268535184bc340cf,cnn,integrated_gradients,target_class_donor,dependency_preserving_conditional_on_class,insertion,0,BENIGN,True,0,BENIGN,0.9999991788482704,0.000203684363555,50,-1.2674461374262425e-06,-0.0031921467214893204,-0.0005432759381949356,0.003190879275351894,0.0005420084920575092,0.00308517818151474,0.00292854225939907,-0.002549063553070283,0.04631391912698746,0.03795004238188267,0.00836387674510479,18.4,18.4,trapezoid_from_zero_normalized_by_max_fraction
cicids2017_binary,42,rid_0d983e5b8810b377ec14cf6f0ef744a4,cnn,integrated_gradients,target_class_donor,dependency_preserving_conditional_on_class,insertion,0,BENIGN,True,0,BENIGN,0.9999999999999982,0.000204505515283,50,-1.921143806371539e-06,-0.0010315969354572486,-0.005127139623124037,0.001029675791650877,0.005125218479317666,0.0007851260832580336,0.0005692966270644821,-8.614559739550777e-05,1.2950594425201416,1.396299941062927,-0.1012404985427855,18.4,18.4,trapezoid_from_zero_normalized_by_max_fraction
cicids2017_binary,42,rid_12f800a48f581538facdec51ab2454d7,cnn,integrated_gradients,target_class_donor,dependency_preserving_conditional_on_class,insertion,0,BENIGN,True,0,BENIGN,0.9999333738160204,0.0001378793313051,50,-3.0955267145849066e-05,-0.00018476750825429723,-0.0035877083055236344,0.00015381224110844817,0.0035567530383777855,0.00010372788080685179,7.119288143225789e-05,1.4274193501222714e-05,0.18891409039497375,0.1837964114397764,0.005117678955197352,18.4,18.4,trapezoid_from_zero_normalized_by_max_fraction
cicids2017_binary,42,rid_408ae7c441d02f646de26fd9bdce1d45,cnn,integrated_gradients,target_class_donor,dependency_preserving_conditional_on_class,insertion,1,ATTACK,True,1,ATTACK,0.9999876022338868,0.999783096718602,50,-2.5033950805664064e-07,-0.07223763690110269,-0.1159918273394751,0.07223738656159463,0.11599157699996704,0.027862192426226683,0.015372447932856666,0.042107388613195566,0.8035129308700562,0.9630061075985432,-0.15949317672848706,18.4,18.4,trapezoid_from_zero_normalized_by_max_fraction
cicids2017_binary,42,rid_cf4ebdc12c3cb032b70b55c77a7cb796,cnn,integrated_gradients,target_class_donor,dependency_preserving_conditional_on_class,insertion,1,ATTACK,True,1,ATTACK,1.0,0.9997954944847152,50,-0.0032020509243011475,-0.26715124690388725,-0.2691158593388718,0.26394919597958605,0.26591380841457063,0.05453146733091587,0.02697397548276286,0.21108020403337086,0.16861775517463684,0.1761136387847364,-0.007495883610099563,18.4,18.4,trapezoid_from_zero_normalized_by_max_fraction
cicids2017_binary,42,rid_12888033c44aa2549d48f3c7bd216973,cnn,integrated_gradients,target_class_donor,dependency_preserving_conditional_on_class,insertion,1,ATTACK,True,1,ATTACK,1.0,0.9997954944847152,50,-0.0235542505979538,-0.08854486964237093,-0.20083038220790225,0.06499061904441715,0.17727613160994843,0.026368248661174754,0.013927281622842234,0.037693147063646376,1.4812437295913696,1.4428132452964784,0.038430484294891265,18.4,18.4,trapezoid_from_zero_normalized_by_max_fraction
cicids2017_binary,42,rid_c084b42c4af4241dd19e6d04badcf8b5,cnn,integrated_gradients,target_class_donor,dependency_preserving_conditional_on_class,insertion,1,ATTACK,True,1,ATTACK,1.0,0.9997954944847152,50,-0.020316758751869203,-0.07955909971686742,-0.23155202332130612,0.059242340964998225,0.21123526456943692,0.03258389635666975,0.014961297725173277,0.029918197423658602,1.6843010187149048,1.8079157810211182,-0.12361476230621338,18.4,18.4,trapezoid_from_zero_normalized_by_max_fraction
cicids2017_binary,42,rid_08c29756d968418335a9524cb0092fef,cnn,integrated_gradients,target_class_donor,dependency_preserving_conditional_on_class,insertion,1,ATTACK,True,1,ATTACK,1.0,0.9997954944847152,50,-0.1305760234594345,-0.16274668454275343,-0.2362043961107423,0.032170661083318924,0.10562837265130778,0.04134671254228643,0.019980387078634986,-0.00699089759080565,0.24924762547016144,0.3168255818486213,-0.06757795637845987,18.4,18.4,trapezoid_from_zero_normalized_by_max_fraction
cicids2017_binary,42,rid_1c419a3f15eb43644fa650ff6ad71b8a,cnn,integrated_gradients,target_class_donor,dependency_preserving_conditional_on_class,insertion,0,BENIGN,True,0,BENIGN,0.9999999998386128,0.0002045053538975,50,2.010362598462989e-05,-0.00018270632196181437,-0.00036555630425224304,0.00020280994794644424,0.00038565993023687294,0.00013731964097137442,8.516230426458077e-05,3.589183158786595e-05,0.8113149404525757,0.763549176454544,0.047765763998031674,18.4,18.4,trapezoid_from_zero_normalized_by_max_fraction
cicids2017_binary,42,rid_17c75cd659c9243647caddaa9aa43875,cnn,integrated_gradients,conditional_gaussian_mean,conditional_on_retained_coordinates,deletion,1,ATTACK,True,1,ATTACK,1.0,0.9997954944847152,50,0.0,6.761550903320313e-07,0.0,-6.761550903320313e-07,0.0,6.52774207040062e-07,6.52774207040062e-07,-1.9555925361305528e-06,1.12082040309906,1.1209786920547486,-0.00015828895568859025,18.4,18.4,trapezoid_from_zero_normalized_by_max_fraction
cicids2017_binary,42,rid_accf8c0dda146c4a242cdc9d8885e717,cnn,integrated_gradients,conditional_gaussian_mean,conditional_on_retained_coordinates,deletion,1,ATTACK,True,1,ATTACK,1.0,0.9997954944847152,50,0.0,0.0005480043888092041,0.0,-0.0005480043888092041,0.0,0.0003683822703868202,0.0003682385029408428,-0.0012697518545732559,1.1861118078231812,1.173128096103668,0.012983711719513069,18.4,18.4,trapezoid_from_zero_normalized_by_max_fraction
cicids2017_binary,42,rid_8593525157bd8c913dcb6144108b0a95,cnn,integrated_gradients,conditional_gaussian_mean,conditional_on_retained_coordinates,deletion,1,ATTACK,True,1,ATTACK,1.0,0.9997954944847152,50,0.0,2.86102294921875e-09,0.0,-2.86102294921875e-09,0.0,2.397771005194259e-09,2.397771005194259e-09,-7.560654119399498e-09,1.2108607292175293,1.3475115537643432,-0.13665082454681388,18.4,18.4,trapezoid_from_zero_normalized_by_max_fraction
cicids2017_binary,42,rid_09a527fea31178a9ad0ecb1fc521e8fb,cnn,integrated_gradients,conditional_gaussian_mean,conditional_on_retained_coordinates,deletion,0,BENIGN,True,0,BENIGN,0.99989316866413,9.76741794148e-05,50,-8.177655940926343e-05,0.0009971934631596434,-3.326265659075034e-05,-0.0010789700225689067,-4.851390281851309e-05,0.001052549025431535,0.0010449578890800843,-0.0031270874851658716,0.8854198455810547,0.6747256698608398,0.21069417572021487,18.4,18.4,trapezoid_from_zero_normalized_by_max_fraction
cicids2017_binary,42,rid_e7974d4f4c91f9e013db09642e33bb70,cnn,integrated_gradients,conditional_gaussian_mean,conditional_on_retained_coordinates,deletion,0,BENIGN,True,0,BENIGN,0.9999996262209264,0.0002041317362113,50,-3.22499680538435e-07,0.004935164805632621,0.00013944718280822576,-0.004935487305313159,-0.00013976968248876422,0.004905559681107784,0.004009984886983949,-0.0127950576838017,2.004410982131958,1.3832253589630128,0.6211856231689452,18.4,18.4,trapezoid_from_zero_normalized_by_max_fraction
cicids2017_binary,42,rid_9f3a7f0f10b651a421dd35c1b1afb71c,cnn,integrated_gradients,conditional_gaussian_mean,conditional_on_retained_coordinates,deletion,0,BENIGN,True,0,BENIGN,0.999993794038346,0.0001982995536308,50,-4.30175086876261e-06,7.247329241793388e-06,1.003827244161659e-05,-1.1549080110555999e-05,-1.43400233103792e-05,3.3469685909078445e-06,2.2809984971670703e-06,-1.6019837165003455e-05,1.293861985206604,0.9215568001270296,0.37230518507957444,18.4,18.4,trapezoid_from_zero_normalized_by_max_fraction
cicids2017_binary,42,rid_8c9bdead15ce16a77b48e3372d9a8a3d,cnn,integrated_gradients,conditional_gaussian_mean,conditional_on_retained_coordinates,deletion,0,BENIGN,True,0,BENIGN,0.9999991853068764,0.0002036908221611,50,2.472018678645327e-08,4.146775058160301e-07,4.936288382362265e-07,-3.8995731902957685e-07,-4.6890865144977313e-07,3.844924359745187e-07,2.2186302542440667e-07,-8.248088488614139e-07,0.8305606842041016,0.6226812362670898,0.20787944793701174,18.4,18.4,trapezoid_from_zero_normalized_by_max_fraction
cicids2017_binary,42,rid_894f119af6edccd4268535184bc340cf,cnn,integrated_gradients,conditional_gaussian_mean,conditional_on_retained_coordinates,deletion,0,BENIGN,True,0,BENIGN,0.9999991788482704,0.000203684363555,50,8.2134588410554e-07,4.7099969388142425e-07,4.5388080986441534e-07,3.5034619022411566e-07,3.6746507424112457e-07,1.1089171366496455e-07,5.9077575151760036e-08,2.34554142926666e-07,0.8222103118896484,0.6155665295124054,0.206643782377243,18.4,18.4,trapezoid_from_zero_normalized_by_max_fraction
cicids2017_binary,42,rid_0d983e5b8810b377ec14cf6f0ef744a4,cnn,integrated_gradients,conditional_gaussian_mean,conditional_on_retained_coordinates,deletion,0,BENIGN,True,0,BENIGN,0.9999999999999982,0.000204505515283,50,2.7755575615628914e-16,1.2795609016791332e-13,2.729116932442821e-13,-1.2767853441175704e-13,-2.726341374881258e-13,1.0025632087172048e-13,9.857432098299249e-14,-3.2088420353842233e-13,1.7430942058563232,1.3462685856819152,0.39682562017440803,18.4,18.4,trapezoid_from_zero_normalized_by_max_fraction
cicids2017_binary,42,rid_12f800a48f581538facdec51ab2454d7,cnn,integrated_gradients,conditional_gaussian_mean,conditional_on_retained_coordinates,deletion,0,BENIGN,True,0,BENIGN,0.9999333738160204,0.0001378793313051,50,0.039447360483461584,-2.3857812864239493e-05,-1.9408987391585698e-05,0.03947121829632582,0.039466769470853175,7.480405297060476e-06,4.057606522776349e-06,0.03946326538754118,0.7575055360794067,0.6488062882423401,0.10869924783706664,18.4,18.4,trapezoid_from_zero_normalized_by_max_fraction
cicids2017_binary,42,rid_408ae7c441d02f646de26fd9bdce1d45,cnn,integrated_gradients,conditional_gaussian_mean,conditional_on_retained_coordinates,deletion,1,ATTACK,True,1,ATTACK,0.9999876022338868,0.999783096718602,50,0.6591628464171663,0.1572188386720036,0.2434402266495465,0.5019440077451627,0.41572261976761976,0.043713408649668925,0.022289334497660327,0.45825691212974845,0.5163514614105225,0.3811652913093567,0.13518617010116574,18.4,18.4,trapezoid_from_zero_normalized_by_max_fraction
cicids2017_binary,42,rid_cf4ebdc12c3cb032b70b55c77a7cb796,cnn,integrated_gradients,conditional_gaussian_mean,conditional_on_retained_coordinates,deletion,1,ATTACK,True,1,ATTACK,1.0,0.9997954944847152,50,0.00030094683170318605,0.14650746705366088,0.0031937377452850345,-0.1462065202219577,-0.0028927909135818483,0.023624267571074352,0.016322829084870493,-0.17819926522830387,1.4536741971969604,1.350875358581543,0.1027988386154175,18.4,18.4,trapezoid_from_zero_normalized_by_max_fraction
cicids2017_binary,42,rid_12888033c44aa2549d48f3c7bd216973,cnn,integrated_gradients,conditional_gaussian_mean,conditional_on_retained_coordinates,deletion,1,ATTACK,True,1,ATTACK,1.0,0.9997954944847152,50,1.1205673217773436e-06,0.05040841425541615,9.222030639648438e-07,-0.05040729368809437,1.9836425781249983e-07,0.011110976068104506,0.011105838956413506,-0.07217473804266485,1.1381983757019043,1.1023528592586516,0.035845516443252734,18.4,18.4,trapezoid_from_zero_normalized_by_max_fraction
cicids2017_binary,42,rid_c084b42c4af4241dd19e6d04badcf8b5,cnn,integrated_gradients,conditional_gaussian_mean,conditional_on_retained_coordinates,deletion,1,ATTACK,True,1,ATTACK,1.0,0.9997954944847152,50,0.0007350444793701172,0.15375100134690364,2.3126602172851563e-08,-0.15301595686753353,0.0007350213527679443,0.02896526952067849,0.0209008200431289,-0.19398156415206616,1.2831405401229858,1.19260297703743,0.09053756308555583,18.4,18.4,trapezoid_from_zero_normalized_by_max_fraction
cicids2017_binary,42,rid_08c29756d968418335a9524cb0092fef,cnn,integrated_gradients,conditional_gaussian_mean,conditional_on_retained_coordinates,deletion,1,ATTACK,True,1,ATTACK,1.0,0.9997954944847152,50,8.344650268554687e-08,0.05594137781985524,1.0609626770019532e-08,-0.05594129437335256,7.283687591552734e-08,0.011763852633758867,0.011314721172525976,-0.07811814787150348,1.3323091268539429,1.2427772929668426,0.08953183388710029,18.4,18.4,trapezoid_from_zero_normalized_by_max_fraction
cicids2017_binary,42,rid_1c419a3f15eb43644fa650ff6ad71b8a,cnn,integrated_gradients,conditional_gaussian_mean,conditional_on_retained_coordinates,deletion,0,BENIGN,True,0,BENIGN,0.9999999998386128,0.0002045053538975,50,8.420500197759972e-05,0.022754259263554018,0.010325293723362272,-0.02267005426157642,-0.010241088721384673,0.007871336413885916,0.007828777139958373,-0.03801445745589483,0.7592127323150635,0.5383936233520508,0.2208191089630127,18.4,18.4,trapezoid_from_zero_normalized_by_max_fraction
cicids2017_binary,42,rid_17c75cd659c9243647caddaa9aa43875,cnn,integrated_gradients,conditional_gaussian_mean,conditional_on_retained_coordinates,insertion,1,ATTACK,True,1,ATTACK,1.0,0.9997954944847152,50,0.949857600703399,0.9494723671819374,0.863508348077965,0.0003852335214615088,0.086349252625434,0.00034923721468089184,0.0002472173283204073,-9.931244204648953e-05,1.12082040309906,1.1209786920547486,-0.00015828895568859025,18.4,18.4,trapezoid_from_zero_normalized_by_max_fraction
cicids2017_binary,42,rid_accf8c0dda146c4a242cdc9d8885e717,cnn,integrated_gradients,conditional_gaussian_mean,conditional_on_retained_coordinates,insertion,1,ATTACK,True,1,ATTACK,1.0,0.9997954944847152,50,0.8000679464028508,0.9137414479384024,0.8720802893271073,-0.11367350153555163,-0.0720123429242565,0.014824939207051361,0.008827433850442329,-0.1309752718824186,1.1861118078231812,1.173128096103668,0.012983711719513069,18.4,18.4,trapezoid_from_zero_normalized_by_max_fraction
cicids2017_binary,42,rid_8593525157bd8c913dcb6144108b0a95,cnn,integrated_gradients,conditional_gaussian_mean,conditional_on_retained_coordinates,insertion,1,ATTACK,True,1,ATTACK,1.0,0.9997954944847152,50,0.8030641688215837,0.9250359017299778,0.8693018968848227,-0.12197173290839419,-0.06623772806323905,0.00862741349948573,0.006302164636177432,-0.13432397559530196,1.2108607292175293,1.3475115537643432,-0.13665082454681388,18.4,18.4,trapezoid_from_zero_normalized_by_max_fraction
cicids2017_binary,42,rid_09a527fea31178a9ad0ecb1fc521e8fb,cnn,integrated_gradients,conditional_gaussian_mean,conditional_on_retained_coordinates,insertion,0,BENIGN,True,0,BENIGN,0.99989316866413,9.76741794148e-05,50,0.00010823540201272409,0.00010813138646620856,-0.026236531913047867,1.0401554651551573e-07,0.026344767315060597,5.799910223953379e-06,3.445602674260333e-06,-6.649365695034737e-06,0.8854198455810547,0.6747256698608398,0.21069417572021487,18.4,18.4,trapezoid_from_zero_normalized_by_max_fraction
cicids2017_binary,42,rid_e7974d4f4c91f9e013db09642e33bb70,cnn,integrated_gradients,conditional_gaussian_mean,conditional_on_retained_coordinates,insertion,0,BENIGN,True,0,BENIGN,0.9999996262209264,0.0002041317362113,50,-0.13381357655784998,-0.08176897528338661,-0.014993073840816726,-0.05204460127446336,-0.11882050271703323,0.025489507930976825,0.01209131219260262,-0.07574357317196449,2.004410982131958,1.3832253589630128,0.6211856231689452,18.4,18.4,trapezoid_from_zero_normalized_by_max_fraction
cicids2017_binary,42,rid_9f3a7f0f10b651a421dd35c1b1afb71c,cnn,integrated_gradients,conditional_gaussian_mean,conditional_on_retained_coordinates,insertion,0,BENIGN,True,0,BENIGN,0.999993794038346,0.0001982995536308,50,9.694732925655814e-05,-0.00011053971943988114,-0.029543758840193737,0.00020748704869643926,0.0296407061694503,7.14894259882185e-05,4.695313413585268e-05,0.000115458905790168,1.293861985206604,0.9215568001270296,0.37230518507957444,18.4,18.4,trapezoid_from_zero_normalized_by_max_fraction
cicids2017_binary,42,rid_8c9bdead15ce16a77b48e3372d9a8a3d,cnn,integrated_gradients,conditional_gaussian_mean,conditional_on_retained_coordinates,insertion,0,BENIGN,True,0,BENIGN,0.9999991853068764,0.0002036908221611,50,0.00010546303521010714,0.00012777566337304159,-0.036513141742328906,-2.2312628162934445e-05,0.036618604777539025,4.701369643704803e-06,2.698987392171787e-06,-2.7602643451591147e-05,0.8305606842041016,0.6226812362670898,0.20787944793701174,18.4,18.4,trapezoid_from_zero_normalized_by_max_fraction
cicids2017_binary,42,rid_894f119af6edccd4268535184bc340cf,cnn,integrated_gradients,conditional_gaussian_mean,conditional_on_retained_coordinates,insertion,0,BENIGN,True,0,BENIGN,0.9999991788482704,0.000203684363555,50,0.0001406772074631135,0.00013569034235687473,-0.029151643434013313,4.986865106238805e-06,0.029292320641476424,2.045620101195334e-06,1.2012381058049448e-06,2.632438418861113e-06,0.8222103118896484,0.6155665295124054,0.206643782377243,18.4,18.4,trapezoid_from_zero_normalized_by_max_fraction
cicids2017_binary,42,rid_0d983e5b8810b377ec14cf6f0ef744a4,cnn,integrated_gradients,conditional_gaussian_mean,conditional_on_retained_coordinates,insertion,0,BENIGN,True,0,BENIGN,0.9999999999999982,0.000204505515283,50,0.00014239929650247674,0.00013639833546734572,-0.00716299241718024,6.000961035131035e-06,0.007305391713682718,5.175885475250795e-06,5.175741642067482e-06,-4.143492583321229e-06,1.7430942058563232,1.3462685856819152,0.39682562017440803,18.4,18.4,trapezoid_from_zero_normalized_by_max_fraction
cicids2017_binary,42,rid_12f800a48f581538facdec51ab2454d7,cnn,integrated_gradients,conditional_gaussian_mean,conditional_on_retained_coordinates,insertion,0,BENIGN,True,0,BENIGN,0.9999333738160204,0.0001378793313051,50,0.0001342266003575787,0.00010596741748741679,-0.030439014561227863,2.8259182870161934e-05,0.03057324116158544,9.590284763186526e-06,4.934543637371595e-06,1.858747734091361e-05,0.7575055360794067,0.6488062882423401,0.10869924783706664,18.4,18.4,trapezoid_from_zero_normalized_by_max_fraction
cicids2017_binary,42,rid_408ae7c441d02f646de26fd9bdce1d45,cnn,integrated_gradients,conditional_gaussian_mean,conditional_on_retained_coordinates,insertion,1,ATTACK,True,1,ATTACK,0.9999876022338868,0.999783096718602,50,0.5897728434269084,0.3742975757940491,0.5239775426764561,0.21547526763285924,0.06579530075045231,0.0617146439458482,0.029659981620719634,0.15734170365624875,0.5163514614105225,0.3811652913093567,0.13518617010116574,18.4,18.4,trapezoid_from_zero_normalized_by_max_fraction
cicids2017_binary,42,rid_cf4ebdc12c3cb032b70b55c77a7cb796,cnn,integrated_gradients,conditional_gaussian_mean,conditional_on_retained_coordinates,insertion,1,ATTACK,True,1,ATTACK,1.0,0.9997954944847152,50,0.949857600703399,0.8221050081734591,0.7729021040513698,0.12775259252993992,0.17695549665202906,0.0322123956461052,0.016721811505054113,0.09497784198003387,1.4536741971969604,1.350875358581543,0.1027988386154175,18.4,18.4,trapezoid_from_zero_normalized_by_max_fraction
cicids2017_binary,42,rid_12888033c44aa2549d48f3c7bd216973,cnn,integrated_gradients,conditional_gaussian_mean,conditional_on_retained_coordinates,insertion,1,ATTACK,True,1,ATTACK,1.0,0.9997954944847152,50,0.9498100630189583,0.8961797407176637,0.8448185683890936,0.053630322301294664,0.10499149462986476,0.017983354541160172,0.010591628076087687,0.0328707312721628,1.1381983757019043,1.1023528592586516,0.035845516443252734,18.4,18.4,trapezoid_from_zero_normalized_by_max_fraction
cicids2017_binary,42,rid_c084b42c4af4241dd19e6d04badcf8b5,cnn,integrated_gradients,conditional_gaussian_mean,conditional_on_retained_coordinates,insertion,1,ATTACK,True,1,ATTACK,1.0,0.9997954944847152,50,0.949857600703399,0.9019172620624232,0.8128080189249552,0.04794033864097584,0.13704958177844365,0.017730311642014888,0.01079683142241784,0.026778549053036876,1.2831405401229858,1.19260297703743,0.09053756308555583,18.4,18.4,trapezoid_from_zero_normalized_by_max_fraction
cicids2017_binary,42,rid_08c29756d968418335a9524cb0092fef,cnn,integrated_gradients,conditional_gaussian_mean,conditional_on_retained_coordinates,insertion,1,ATTACK,True,1,ATTACK,1.0,0.9997954944847152,50,0.9498217634107278,0.9287860814082087,0.8381756020636779,0.02103568200251903,0.11164616134704981,0.008844204591847664,0.005726819533078934,0.00981111571768432,1.3323091268539429,1.2427772929668426,0.08953183388710029,18.4,18.4,trapezoid_from_zero_normalized_by_max_fraction
cicids2017_binary,42,rid_1c419a3f15eb43644fa650ff6ad71b8a,cnn,integrated_gradients,conditional_gaussian_mean,conditional_on_retained_coordinates,insertion,0,BENIGN,True,0,BENIGN,0.9999999998386128,0.0002045053538975,50,-0.6970999712917546,-0.17211446323931764,-0.17267345993787897,-0.524985508052437,-0.5244265113538755,0.04351939006214292,0.020745324623164998,-0.5656463443138404,0.7592127323150635,0.5383936233520508,0.2208191089630127,18.4,18.4,trapezoid_from_zero_normalized_by_max_fraction
cicids2017_binary,42,rid_17c75cd659c9243647caddaa9aa43875,cnn,integrated_gradients,conditional_gaussian_draw,conditional_on_retained_coordinates,deletion,1,ATTACK,True,1,ATTACK,1.0,0.9997954944847152,10,0.01499638557434082,7.569789886474608e-08,0.00023345828056335453,0.014996309876441957,0.014762927293777468,7.569789886474608e-08,5.372690074837191e-08,0.01499620457171649,1.12082040309906,1.149165406227112,-0.028345003128051882,18.4,18.4,trapezoid_from_zero_normalized_by_max_fraction
cicids2017_binary,42,rid_accf8c0dda146c4a242cdc9d8885e717,cnn,integrated_gradients,conditional_gaussian_draw,conditional_on_retained_coordinates,deletion,1,ATTACK,True,1,ATTACK,1.0,0.9997954944847152,10,0.0,0.0027082818746566773,2.2649765014648438e-08,-0.0027082818746566773,-2.2649765014648438e-08,0.0026355421666600077,0.0026352833105627075,-0.007873437163359583,1.1861118078231812,1.1870512473583221,-0.0009394395351409734,18.4,18.4,trapezoid_from_zero_normalized_by_max_fraction
cicids2017_binary,42,rid_8593525157bd8c913dcb6144108b0a95,cnn,integrated_gradients,conditional_gaussian_draw,conditional_on_retained_coordinates,deletion,1,ATTACK,True,1,ATTACK,1.0,0.9997954944847152,10,0.0,8.887588977813722e-05,0.0111008819937706,-8.887588977813722e-05,-0.0111008819937706,8.878859505661782e-05,6.887262864162397e-05,-0.0002238662419157202,1.2108607292175293,1.3063962519168855,-0.09553552269935617,18.4,18.4,trapezoid_from_zero_normalized_by_max_fraction
cicids2017_binary,42,rid_09a527fea31178a9ad0ecb1fc521e8fb,cnn,integrated_gradients,conditional_gaussian_draw,conditional_on_retained_coordinates,deletion,0,BENIGN,True,0,BENIGN,0.99989316866413,9.76741794148e-05,10,-8.275989737853706e-05,7.275139084192972e-05,0.0008320309455717024,-0.00015551128822046678,-0.0009147908429502395,0.00010774135900364768,8.328376069972743e-05,-0.00031874745919193255,0.8854198455810547,0.6365576940774917,0.24886215150356295,18.4,18.4,trapezoid_from_zero_normalized_by_max_fraction
cicids2017_binary,42,rid_e7974d4f4c91f9e013db09642e33bb70,cnn,integrated_gradients,conditional_gaussian_draw,conditional_on_retained_coordinates,deletion,0,BENIGN,True,0,BENIGN,0.9999996262209264,0.0002041317362113,10,-3.141825078656346e-07,2.1367631014131972e-05,0.00022231302737983462,-2.1681813521997608e-05,-0.00022262720988770025,2.012889156382007e-05,1.5065588402553566e-05,-5.121036679100259e-05,2.004410982131958,1.4394221913814544,0.5649887907505036,18.4,18.4,trapezoid_from_zero_normalized_by_max_fraction
cicids2017_binary,42,rid_9f3a7f0f10b651a421dd35c1b1afb71c,cnn,integrated_gradients,conditional_gaussian_draw,conditional_on_retained_coordinates,deletion,0,BENIGN,True,0,BENIGN,0.999993794038346,0.0001982995536308,10,8.691202774002703e-06,0.0010829329169809033,0.00013731667208162433,-0.0010742417142069005,-0.00012862546930762162,0.0010591847890239427,0.0010522331020409539,-0.0031366185942071703,1.293861985206604,0.9170523929595946,0.3768095922470094,18.4,18.4,trapezoid_from_zero_normalized_by_max_fraction
cicids2017_binary,42,rid_8c9bdead15ce16a77b48e3372d9a8a3d,cnn,integrated_gradients,conditional_gaussian_draw,conditional_on_retained_coordinates,deletion,0,BENIGN,True,0,BENIGN,0.9999991853068764,0.0002036908221611,10,3.5652209394498867e-06,1.014486014410565e-05,0.0007527014454808123,-6.579639204655763e-06,-0.0007491362245413625,5.7457762892825185e-06,3.300079283655615e-06,-1.3047794600620767e-05,0.8305606842041016,0.6295048314332962,0.2010558527708054,18.4,18.4,trapezoid_from_zero_normalized_by_max_fraction
cicids2017_binary,42,rid_894f119af6edccd4268535184bc340cf,cnn,integrated_gradients,conditional_gaussian_draw,conditional_on_retained_coordinates,deletion,0,BENIGN,True,0,BENIGN,0.9999991788482704,0.000203684363555,10,0.00012278409403734258,7.036544830750557e-05,3.192906482212265e-05,5.241864572983701e-05,9.085502921521993e-05,3.677797254741855e-05,3.454725516063949e-05,-1.5293974385016395e-05,0.8222103118896484,0.6091503417491914,0.21305997014045708,18.4,18.4,trapezoid_from_zero_normalized_by_max_fraction
cicids2017_binary,42,rid_0d983e5b8810b377ec14cf6f0ef744a4,cnn,integrated_gradients,conditional_gaussian_draw,conditional_on_retained_coordinates,deletion,0,BENIGN,True,0,BENIGN,0.9999999999999982,0.000204505515283,10,6.944445019030354e-15,6.158235033026927e-13,7.936255264073822e-11,-6.088790582836623e-13,-7.935560819571919e-11,4.89469334986668e-13,3.567810466111965e-13,-1.3081699096416075e-12,1.7430942058563232,1.307844820022583,0.4352493858337403,18.4,18.4,trapezoid_from_zero_normalized_by_max_fraction
cicids2017_binary,42,rid_12f800a48f581538facdec51ab2454d7,cnn,integrated_gradients,conditional_gaussian_draw,conditional_on_retained_coordinates,deletion,0,BENIGN,True,0,BENIGN,0.9999333738160204,0.0001378793313051,10,0.0743083583771849,0.0003926394658852672,0.0014874856607071862,0.07391571891129962,0.07282087271647772,0.0003223738379128642,0.0002474111836054745,0.07343079299143289,0.7575055360794067,0.6398383265733718,0.11766720950603493,18.4,18.4,trapezoid_from_zero_normalized_by_max_fraction
cicids2017_binary,42,rid_408ae7c441d02f646de26fd9bdce1d45,cnn,integrated_gradients,conditional_gaussian_draw,conditional_on_retained_coordinates,deletion,1,ATTACK,True,1,ATTACK,0.9999876022338868,0.999783096718602,10,0.7449649714908446,0.2120107089096564,0.2933990597407683,0.5329542625811883,0.4515659117500764,0.10388393306172156,0.05350017335105888,0.42809392281311287,0.5163514614105225,0.3691337984800339,0.14721766293048855,18.4,18.4,trapezoid_from_zero_normalized_by_max_fraction
cicids2017_binary,42,rid_cf4ebdc12c3cb032b70b55c77a7cb796,cnn,integrated_gradients,conditional_gaussian_draw,conditional_on_retained_coordinates,deletion,1,ATTACK,True,1,ATTACK,1.0,0.9997954944847152,10,0.21390362530946733,0.17669503445429655,1.4535188674926759e-05,0.037208590855170774,0.2138890901207924,0.07093266895021703,0.05039124529851926,-0.06155824992992697,1.4536741971969604,1.3301683914661406,0.12350580573081982,18.4,18.4,trapezoid_from_zero_normalized_by_max_fraction
cicids2017_binary,42,rid_12888033c44aa2549d48f3c7bd216973,cnn,integrated_gradients,conditional_gaussian_draw,conditional_on_retained_coordinates,deletion,1,ATTACK,True,1,ATTACK,1.0,0.9997954944847152,10,0.20004859668179054,0.06154461706057191,1.2350082397460939e-06,0.1385039796212186,0.20004736167355078,0.0253667771698478,0.025363828640013637,0.08879087548679188,1.1381983757019043,1.0618663048744204,0.07633207082748394,18.4,18.4,trapezoid_from_zero_normalized_by_max_fraction
cicids2017_binary,42,rid_c084b42c4af4241dd19e6d04badcf8b5,cnn,integrated_gradients,conditional_gaussian_draw,conditional_on_retained_coordinates,deletion,1,ATTACK,True,1,ATTACK,1.0,0.9997954944847152,10,8.954405784606935e-05,0.15146840337503814,2.598762512207031e-07,-0.15137885931719208,8.928418159484865e-05,0.0744628160234132,0.05397823971376578,-0.257176209156173,1.2831405401229858,1.1954480004310608,0.08769253969192503,18.4,18.4,trapezoid_from_zero_normalized_by_max_fraction
cicids2017_binary,42,rid_08c29756d968418335a9524cb0092fef,cnn,integrated_gradients,conditional_gaussian_draw,conditional_on_retained_coordinates,deletion,1,ATTACK,True,1,ATTACK,1.0,0.9997954944847152,10,0.2000001700748383,0.14423820470554516,0.0010122084617614747,0.05576196536929313,0.19898796161307686,0.06887917191107,0.048920726589898586,-0.0401226587469081,1.3323091268539429,1.2611371195316314,0.07117200732231144,18.4,18.4,trapezoid_from_zero_normalized_by_max_fraction
cicids2017_binary,42,rid_1c419a3f15eb43644fa650ff6ad71b8a,cnn,integrated_gradients,conditional_gaussian_draw,conditional_on_retained_coordinates,deletion,0,BENIGN,True,0,BENIGN,0.9999999998386128,0.0002045053538975,10,0.10449278656233918,0.0003181464892094721,0.03168468391352333,0.10417464007312971,0.07280810264881582,0.0002195102980448659,0.0001825264275864187,0.10381688827506033,0.7592127323150635,0.5192637413740158,0.2399489909410477,18.4,18.4,trapezoid_from_zero_normalized_by_max_fraction
cicids2017_binary,42,rid_17c75cd659c9243647caddaa9aa43875,cnn,integrated_gradients,conditional_gaussian_draw,conditional_on_retained_coordinates,insertion,1,ATTACK,True,1,ATTACK,1.0,0.9997954944847152,10,0.9254975876952813,0.8761118867523328,0.896603613683983,0.04938570094294845,0.028893974011298274,0.05527340130482063,0.029392490838936348,-0.00822358110136679,1.12082040309906,1.149165406227112,-0.028345003128051882,18.4,18.4,trapezoid_from_zero_normalized_by_max_fraction
cicids2017_binary,42,rid_accf8c0dda146c4a242cdc9d8885e717,cnn,integrated_gradients,conditional_gaussian_draw,conditional_on_retained_coordinates,insertion,1,ATTACK,True,1,ATTACK,1.0,0.9997954944847152,10,0.769779276027839,0.8458045558806472,0.8220117337710751,-0.07602527985280826,-0.05223245774323613,0.055273390461635125,0.03215887379574293,-0.1390566724924644,1.1861118078231812,1.1870512473583221,-0.0009394395351409734,18.4,18.4,trapezoid_from_zero_normalized_by_max_fraction
cicids2017_binary,42,rid_8593525157bd8c913dcb6144108b0a95,cnn,integrated_gradients,conditional_gaussian_draw,conditional_on_retained_coordinates,insertion,1,ATTACK,True,1,ATTACK,1.0,0.9997954944847152,10,0.8048086590315506,0.8026031743404876,0.8684197511581624,0.0022054846910631518,-0.06361109212661177,0.08507725077552247,0.04430233862188002,-0.0846270990078217,1.2108607292175293,1.3063962519168855,-0.09553552269935617,18.4,18.4,trapezoid_from_zero_normalized_by_max_fraction
cicids2017_binary,42,rid_09a527fea31178a9ad0ecb1fc521e8fb,cnn,integrated_gradients,conditional_gaussian_draw,conditional_on_retained_coordinates,insertion,0,BENIGN,True,0,BENIGN,0.99989316866413,9.76741794148e-05,10,-0.028532791158067995,-0.026011499589622022,-0.12918706346304354,-0.0025212915684459727,0.10065427230497556,0.015698296307458278,0.011494477531672076,-0.02505046753052324,0.8854198455810547,0.6365576940774917,0.24886215150356295,18.4,18.4,trapezoid_from_zero_normalized_by_max_fraction
cicids2017_binary,42,rid_e7974d4f4c91f9e013db09642e33bb70,cnn,integrated_gradients,conditional_gaussian_draw,conditional_on_retained_coordinates,insertion,0,BENIGN,True,0,BENIGN,0.9999996262209264,0.0002041317362113,10,-0.13741800081936048,-0.10353520411734597,-0.10536355184657865,-0.03388279670201451,-0.03205444897278184,0.04336404767474857,0.02525288783021996,-0.08337845684924564,2.004410982131958,1.4394221913814544,0.5649887907505036,18.4,18.4,trapezoid_from_zero_normalized_by_max_fraction
cicids2017_binary,42,rid_9f3a7f0f10b651a421dd35c1b1afb71c,cnn,integrated_gradients,conditional_gaussian_draw,conditional_on_retained_coordinates,insertion,0,BENIGN,True,0,BENIGN,0.999993794038346,0.0001982995536308,10,-0.0025143708476016435,-0.06949901403756832,-0.12308392048161793,0.06698464318996666,0.12056954963401628,0.04796074203798101,0.02841859676961127,0.011284193521528575,1.293861985206604,0.9170523929595946,0.3768095922470094,18.4,18.4,trapezoid_from_zero_normalized_by_max_fraction
cicids2017_binary,42,rid_8c9bdead15ce16a77b48e3372d9a8a3d,cnn,integrated_gradients,conditional_gaussian_draw,conditional_on_retained_coordinates,insertion,0,BENIGN,True,0,BENIGN,0.9999991853068764,0.0002036908221611,10,-0.17719148670978482,-0.05464267061973674,-0.14281817504004674,-0.12254881609004808,-0.034373311669738074,0.033088781530558525,0.018989050093921312,-0.15976735427413385,0.8305606842041016,0.6295048314332962,0.2010558527708054,18.4,18.4,trapezoid_from_zero_normalized_by_max_fraction
cicids2017_binary,42,rid_894f119af6edccd4268535184bc340cf,cnn,integrated_gradients,conditional_gaussian_draw,conditional_on_retained_coordinates,insertion,0,BENIGN,True,0,BENIGN,0.9999991788482704,0.000203684363555,10,-0.018503082535085015,-0.06259301862790587,-0.10961733408462584,0.04408993609282086,0.09111425154954084,0.04293855436036007,0.023812324885737788,-0.0025822206832252018,0.8222103118896484,0.6091503417491914,0.21305997014045708,18.4,18.4,trapezoid_from_zero_normalized_by_max_fraction
cicids2017_binary,42,rid_0d983e5b8810b377ec14cf6f0ef744a4,cnn,integrated_gradients,conditional_gaussian_draw,conditional_on_retained_coordinates,insertion,0,BENIGN,True,0,BENIGN,0.9999999999999982,0.000204505515283,10,0.00014234668993894363,-0.023593331864525932,-0.023435716158222836,0.02373567855446488,0.023578062848161777,0.015303284093220683,0.013138743713155885,-0.002016259123320655,1.7430942058563232,1.307844820022583,0.4352493858337403,18.4,18.4,trapezoid_from_zero_normalized_by_max_fraction
cicids2017_binary,42,rid_12f800a48f581538facdec51ab2454d7,cnn,integrated_gradients,conditional_gaussian_draw,conditional_on_retained_coordinates,insertion,0,BENIGN,True,0,BENIGN,0.9999333738160204,0.0001378793313051,10,-0.035651105679724536,-0.0723644650641149,-0.07823523571148316,0.036713359384390354,0.042584130031758614,0.050080059044644326,0.028092882739876684,-0.018348690785767945,0.7575055360794067,0.6398383265733718,0.11766720950603493,18.4,18.4,trapezoid_from_zero_normalized_by_max_fraction
cicids2017_binary,42,rid_408ae7c441d02f646de26fd9bdce1d45,cnn,integrated_gradients,conditional_gaussian_draw,conditional_on_retained_coordinates,insertion,1,ATTACK,True,1,ATTACK,0.9999876022338868,0.999783096718602,10,0.6122342472696687,0.4101517979903465,0.40851379050029396,0.20208244927932223,0.20372045676937478,0.13008214740868373,0.06185769824797068,0.0808413607132997,0.5163514614105225,0.3691337984800339,0.14721766293048855,18.4,18.4,trapezoid_from_zero_normalized_by_max_fraction
cicids2017_binary,42,rid_cf4ebdc12c3cb032b70b55c77a7cb796,cnn,integrated_gradients,conditional_gaussian_draw,conditional_on_retained_coordinates,insertion,1,ATTACK,True,1,ATTACK,1.0,0.9997954944847152,10,0.9422667554761575,0.7949030426808941,0.8108573044577629,0.14736371279526336,0.13140945101839446,0.06444502706501963,0.03781206377154496,0.07325206780303524,1.4536741971969604,1.3301683914661406,0.12350580573081982,18.4,18.4,trapezoid_from_zero_normalized_by_max_fraction
cicids2017_binary,42,rid_12888033c44aa2549d48f3c7bd216973,cnn,integrated_gradients,conditional_gaussian_draw,conditional_on_retained_coordinates,insertion,1,ATTACK,True,1,ATTACK,1.0,0.9997954944847152,10,0.7819177322773612,0.86211677011261,0.8041586838399135,-0.08019903783524876,-0.022240951562552326,0.04373975963362349,0.02508495459081135,-0.129365548833239,1.1381983757019043,1.0618663048744204,0.07633207082748394,18.4,18.4,trapezoid_from_zero_normalized_by_max_fraction
cicids2017_binary,42,rid_c084b42c4af4241dd19e6d04badcf8b5,cnn,integrated_gradients,conditional_gaussian_draw,conditional_on_retained_coordinates,insertion,1,ATTACK,True,1,ATTACK,1.0,0.9997954944847152,10,0.9495368442680048,0.9043631242062802,0.807703934647725,0.04517372006172436,0.1418329096202797,0.018964207470258322,0.016116771817682285,0.013584847299067088,1.2831405401229858,1.1954480004310608,0.08769253969192503,18.4,18.4,trapezoid_from_zero_normalized_by_max_fraction
cicids2017_binary,42,rid_08c29756d968418335a9524cb0092fef,cnn,integrated_gradients,conditional_gaussian_draw,conditional_on_retained_coordinates,insertion,1,ATTACK,True,1,ATTACK,1.0,0.9997954944847152,10,0.9336766562606498,0.8579999283634242,0.7563695088459462,0.07567672789722564,0.17730714741470363,0.06365171778296493,0.032662515216583435,0.011658198072722115,1.3323091268539429,1.2611371195316314,0.07117200732231144,18.4,18.4,trapezoid_from_zero_normalized_by_max_fraction
cicids2017_binary,42,rid_1c419a3f15eb43644fa650ff6ad71b8a,cnn,integrated_gradients,conditional_gaussian_draw,conditional_on_retained_coordinates,insertion,0,BENIGN,True,0,BENIGN,0.9999999998386128,0.0002045053538975,10,-0.13062494733052432,-0.1579587546316598,-0.23497863790498175,0.027333807301135465,0.1043536905744574,0.05037833381104594,0.031064172995432078,-0.033551971769911405,0.7592127323150635,0.5192637413740158,0.2399489909410477,18.4,18.4,trapezoid_from_zero_normalized_by_max_fraction
cicids2017_binary,42,rid_17c75cd659c9243647caddaa9aa43875,cnn,integrated_gradients,nearest_neighbour_donor,nonparametric_conditional,deletion,1,ATTACK,True,1,ATTACK,1.0,0.9997954944847152,10,0.0,0.0,0.0,0.0,0.0,0.0,0.0,0.0,0.8891658782958984,0.8816964101791381,0.007469468116760303,18.4,18.4,trapezoid_from_zero_normalized_by_max_fraction
cicids2017_binary,42,rid_accf8c0dda146c4a242cdc9d8885e717,cnn,integrated_gradients,nearest_neighbour_donor,nonparametric_conditional,deletion,1,ATTACK,True,1,ATTACK,1.0,0.9997954944847152,10,0.0,0.0,0.0,0.0,0.0,0.0,0.0,0.0,0.9691550135612488,0.9352549874782563,0.033900026082992474,18.4,18.4,trapezoid_from_zero_normalized_by_max_fraction
cicids2017_binary,42,rid_8593525157bd8c913dcb6144108b0a95,cnn,integrated_gradients,nearest_neighbour_donor,nonparametric_conditional,deletion,1,ATTACK,True,1,ATTACK,1.0,0.9997954944847152,10,0.0,0.0,0.0,0.0,0.0,0.0,0.0,0.0,0.9764504432678223,1.1107065522670747,-0.13425610899925244,18.4,18.4,trapezoid_from_zero_normalized_by_max_fraction
cicids2017_binary,42,rid_09a527fea31178a9ad0ecb1fc521e8fb,cnn,integrated_gradients,nearest_neighbour_donor,nonparametric_conditional,deletion,0,BENIGN,True,0,BENIGN,0.99989316866413,9.76741794148e-05,10,-2.1437163377413525e-05,-2.389419769315282e-05,-1.93875265904353e-05,2.4570343157392933e-06,-2.0496367869782257e-06,1.3979018078408798e-06,6.420214287189641e-07,1.1986723154501238e-06,0.8743648529052734,0.8272143203020095,0.04715053260326396,18.4,18.4,trapezoid_from_zero_normalized_by_max_fraction
cicids2017_binary,42,rid_e7974d4f4c91f9e013db09642e33bb70,cnn,integrated_gradients,nearest_neighbour_donor,nonparametric_conditional,deletion,0,BENIGN,True,0,BENIGN,0.9999996262209264,0.0002041317362113,10,0.006764807878266365,0.010610483606119532,-4.879153273407155e-08,-0.0038456757278531655,0.006764856669799099,0.010610665296896,0.01060131917756673,-0.024624261315883956,2.0289599895477295,1.4228908395767212,0.6060691499710082,18.4,18.4,trapezoid_from_zero_normalized_by_max_fraction
cicids2017_binary,42,rid_9f3a7f0f10b651a421dd35c1b1afb71c,cnn,integrated_gradients,nearest_neighbour_donor,nonparametric_conditional,deletion,0,BENIGN,True,0,BENIGN,0.999993794038346,0.0001982995536308,10,2.7784966192712092e-06,-6.189754091678878e-07,-1.080095416980953e-06,3.397472028439098e-06,3.858592036252162e-06,1.8912444722816446e-06,1.0547573405430268e-06,1.3301476409747653e-06,1.230984091758728,0.9943689405918121,0.2366151511669159,18.4,18.4,trapezoid_from_zero_normalized_by_max_fraction
cicids2017_binary,42,rid_8c9bdead15ce16a77b48e3372d9a8a3d,cnn,integrated_gradients,nearest_neighbour_donor,nonparametric_conditional,deletion,0,BENIGN,True,0,BENIGN,0.9999991853068764,0.0002036908221611,10,3.5331201786448213e-07,-8.400449335255189e-08,1.5371057483548612e-06,4.3731651121703403e-07,-1.183793730490379e-06,1.348611539909095e-07,7.210986640039735e-08,2.959811730722552e-07,0.7841742038726807,0.7311550927162171,0.053019111156463516,18.4,18.4,trapezoid_from_zero_normalized_by_max_fraction
cicids2017_binary,42,rid_894f119af6edccd4268535184bc340cf,cnn,integrated_gradients,nearest_neighbour_donor,nonparametric_conditional,deletion,0,BENIGN,True,0,BENIGN,0.9999991788482704,0.000203684363555,10,3.747897352468499e-07,1.4529349243730395e-08,2.888588966243333e-07,3.6026038600311956e-07,8.593083862251665e-08,2.7056928132237194e-08,1.6162512320043747e-08,3.285818618558338e-07,0.7532702684402466,0.741633015871048,0.011637252569198564,18.4,18.4,trapezoid_from_zero_normalized_by_max_fraction
cicids2017_binary,42,rid_0d983e5b8810b377ec14cf6f0ef744a4,cnn,integrated_gradients,nearest_neighbour_donor,nonparametric_conditional,deletion,0,BENIGN,True,0,BENIGN,0.9999999999999982,0.000204505515283,10,1.2022383089060894e-12,6.910196587162076e-10,1.0031198094395678e-13,-6.898174204073015e-10,1.1019263279621328e-12,6.909026026535088e-10,6.908774475638749e-10,-2.0439372176324965e-09,1.6917574405670166,1.200132703781128,0.4916247367858886,18.4,18.4,trapezoid_from_zero_normalized_by_max_fraction
cicids2017_binary,42,rid_12f800a48f581538facdec51ab2454d7,cnn,integrated_gradients,nearest_neighbour_donor,nonparametric_conditional,deletion,0,BENIGN,True,0,BENIGN,0.9999333738160204,0.0001378793313051,10,-8.991620654796867e-06,4.2399447374918956e-06,-1.0027577136497712e-05,-1.3231565392288762e-05,1.0359564817008485e-06,5.7715092946659184e-06,3.2223191125856233e-06,-1.9547310852956583e-05,0.7836581468582153,0.805551484823227,-0.021893337965011694,18.4,18.4,trapezoid_from_zero_normalized_by_max_fraction
cicids2017_binary,42,rid_408ae7c441d02f646de26fd9bdce1d45,cnn,integrated_gradients,nearest_neighbour_donor,nonparametric_conditional,deletion,1,ATTACK,True,1,ATTACK,0.9999876022338868,0.999783096718602,10,0.9499024217918418,0.6863511562307804,0.5240984117819929,0.26355126556106145,0.4258040100098489,0.09497258792684789,0.048671987153200445,0.1681541707407886,0.6601858735084534,0.5317569696903228,0.12842890381813055,18.4,18.4,trapezoid_from_zero_normalized_by_max_fraction
cicids2017_binary,42,rid_cf4ebdc12c3cb032b70b55c77a7cb796,cnn,integrated_gradients,nearest_neighbour_donor,nonparametric_conditional,deletion,1,ATTACK,True,1,ATTACK,1.0,0.9997954944847152,10,1.7285346984863281e-06,0.3187410336464571,0.019999948208037494,-0.31873930511175863,-0.019998219673339007,0.10040572247134502,0.06179080214375255,-0.43984927731351364,1.2504198551177979,1.1270803821086883,0.12333947300910952,18.4,18.4,trapezoid_from_zero_normalized_by_max_fraction
cicids2017_binary,42,rid_12888033c44aa2549d48f3c7bd216973,cnn,integrated_gradients,nearest_neighbour_donor,nonparametric_conditional,deletion,1,ATTACK,True,1,ATTACK,1.0,0.9997954944847152,10,0.19998510281438941,5.386054515838624e-05,0.0,0.19993124226923104,0.19998510281438941,5.385878181134391e-05,5.3848028780072276e-05,0.19982570013282208,0.9665800929069519,0.957650271654129,0.008929821252822934,18.4,18.4,trapezoid_from_zero_normalized_by_max_fraction
cicids2017_binary,42,rid_c084b42c4af4241dd19e6d04badcf8b5,cnn,integrated_gradients,nearest_neighbour_donor,nonparametric_conditional,deletion,1,ATTACK,True,1,ATTACK,1.0,0.9997954944847152,10,0.0012347638607025145,8.077383041381836e-05,0.0,0.0011539900302886962,0.0012347638607025145,8.077383041381835e-05,8.077383041381835e-05,0.0009956733226776121,1.1121759414672852,1.025618302822113,0.08655763864517207,18.4,18.4,trapezoid_from_zero_normalized_by_max_fraction
cicids2017_binary,42,rid_08c29756d968418335a9524cb0092fef,cnn,integrated_gradients,nearest_neighbour_donor,nonparametric_conditional,deletion,1,ATTACK,True,1,ATTACK,1.0,0.9997954944847152,10,0.1999858480601688,0.0008458298444747925,0.0,0.199140018215694,0.1999858480601688,0.0007045920923781685,0.000704588275829049,0.19775902519506905,1.0955787897109985,1.0678511273860931,0.027727662324905422,18.4,18.4,trapezoid_from_zero_normalized_by_max_fraction
cicids2017_binary,42,rid_1c419a3f15eb43644fa650ff6ad71b8a,cnn,integrated_gradients,nearest_neighbour_donor,nonparametric_conditional,deletion,0,BENIGN,True,0,BENIGN,0.9999999998386128,0.0002045053538975,10,2.0199397710030094e-12,3.1741753669933815e-12,3.474986409734982e-12,-1.1542355959903723e-12,-1.4550466387319718e-12,2.6585832716010527e-12,1.4668133715746839e-12,-4.029189804276753e-12,0.7575634717941284,0.6438094061613083,0.11375406563282009,18.4,18.4,trapezoid_from_zero_normalized_by_max_fraction
cicids2017_binary,42,rid_17c75cd659c9243647caddaa9aa43875,cnn,integrated_gradients,nearest_neighbour_donor,nonparametric_conditional,insertion,1,ATTACK,True,1,ATTACK,1.0,0.9997954944847152,10,0.9493318108638051,0.9493318108638051,0.9493318108638051,0.0,0.0,0.0,0.0,0.0,0.8891658782958984,0.8816964101791381,0.007469468116760303,18.4,18.4,trapezoid_from_zero_normalized_by_max_fraction
cicids2017_binary,42,rid_accf8c0dda146c4a242cdc9d8885e717,cnn,integrated_gradients,nearest_neighbour_donor,nonparametric_conditional,insertion,1,ATTACK,True,1,ATTACK,1.0,0.9997954944847152,10,0.9493318108638051,0.9493318108638051,0.9493318108638051,0.0,0.0,0.0,0.0,0.0,0.9691550135612488,0.9352549874782563,0.033900026082992474,18.4,18.4,trapezoid_from_zero_normalized_by_max_fraction
cicids2017_binary,42,rid_8593525157bd8c913dcb6144108b0a95,cnn,integrated_gradients,nearest_neighbour_donor,nonparametric_conditional,insertion,1,ATTACK,True,1,ATTACK,1.0,0.9997954944847152,10,0.9493318108638051,0.9493318108638051,0.9493318108638051,0.0,0.0,0.0,0.0,0.0,0.9764504432678223,1.1107065522670747,-0.13425610899925244,18.4,18.4,trapezoid_from_zero_normalized_by_max_fraction
cicids2017_binary,42,rid_09a527fea31178a9ad0ecb1fc521e8fb,cnn,integrated_gradients,nearest_neighbour_donor,nonparametric_conditional,insertion,0,BENIGN,True,0,BENIGN,0.99989316866413,9.76741794148e-05,10,0.0004593462178490881,0.0005359710350621438,0.0005279223787599064,-7.662481721305568e-05,-6.857616091081817e-05,3.488208999928234e-05,1.857396951660181e-05,-0.00011302979746559522,0.8743648529052734,0.8272143203020095,0.04715053260326396,18.4,18.4,trapezoid_from_zero_normalized_by_max_fraction
cicids2017_binary,42,rid_e7974d4f4c91f9e013db09642e33bb70,cnn,integrated_gradients,nearest_neighbour_donor,nonparametric_conditional,insertion,0,BENIGN,True,0,BENIGN,0.9999996262209264,0.0002041317362113,10,0.000667905118076817,0.0006679234851923015,0.0006167887052091153,-1.8367115484649656e-08,5.111641286770161e-05,3.459252057127436e-08,1.76377506099154e-08,-5.293710668008384e-08,2.0289599895477295,1.4228908395767212,0.6060691499710082,18.4,18.4,trapezoid_from_zero_normalized_by_max_fraction
cicids2017_binary,42,rid_9f3a7f0f10b651a421dd35c1b1afb71c,cnn,integrated_gradients,nearest_neighbour_donor,nonparametric_conditional,insertion,0,BENIGN,True,0,BENIGN,0.999993794038346,0.0001982995536308,10,0.0006610622662037713,0.0006622866593628451,0.0006319493384140484,-1.2243931590738525e-06,2.9112927789722845e-05,2.0679969224218622e-06,1.2940082310997721e-06,-3.760649292029406e-06,1.230984091758728,0.9943689405918121,0.2366151511669159,18.4,18.4,trapezoid_from_zero_normalized_by_max_fraction
cicids2017_binary,42,rid_8c9bdead15ce16a77b48e3372d9a8a3d,cnn,integrated_gradients,nearest_neighbour_donor,nonparametric_conditional,insertion,0,BENIGN,True,0,BENIGN,0.9999991853068764,0.0002036908221611,10,0.0006650137099484255,0.0006606110133817822,0.0006651614427743979,4.402696566643268e-06,-1.4773282597247963e-07,1.7277027666460338e-06,7.945867420290058e-07,2.845306552266417e-06,0.7841742038726807,0.7311550927162171,0.053019111156463516,18.4,18.4,trapezoid_from_zero_normalized_by_max_fraction
cicids2017_binary,42,rid_894f119af6edccd4268535184bc340cf,cnn,integrated_gradients,nearest_neighbour_donor,nonparametric_conditional,insertion,0,BENIGN,True,0,BENIGN,0.9999991788482704,0.000203684363555,10,0.0006677796890788678,0.0006673681466847802,0.0006673271858298723,4.115423940876013e-07,4.5250324899550235e-07,4.923123811510626e-07,2.987652850013066e-07,-1.740375645149596e-07,0.7532702684402466,0.741633015871048,0.011637252569198564,18.4,18.4,trapezoid_from_zero_normalized_by_max_fraction
cicids2017_binary,42,rid_0d983e5b8810b377ec14cf6f0ef744a4,cnn,integrated_gradients,nearest_neighbour_donor,nonparametric_conditional,insertion,0,BENIGN,True,0,BENIGN,0.9999999999999982,0.000204505515283,10,0.0006681891361884739,0.0006681890537124796,0.0006680296537461977,8.247599438257133e-11,1.5948244227624784e-07,6.168488084332846e-11,4.662976102047744e-11,-8.91833721756446e-12,1.6917574405670166,1.200132703781128,0.4916247367858886,18.4,18.4,trapezoid_from_zero_normalized_by_max_fraction
cicids2017_binary,42,rid_12f800a48f581538facdec51ab2454d7,cnn,integrated_gradients,nearest_neighbour_donor,nonparametric_conditional,insertion,0,BENIGN,True,0,BENIGN,0.9999333738160204,0.0001378793313051,10,0.000616506250207749,0.0006112487593964034,0.0005584007055004748,5.257490811345629e-06,5.810554470727424e-05,1.974608005381067e-05,1.0606428845721272e-05,-1.553110972626806e-05,0.7836581468582153,0.805551484823227,-0.021893337965011694,18.4,18.4,trapezoid_from_zero_normalized_by_max_fraction
cicids2017_binary,42,rid_408ae7c441d02f646de26fd9bdce1d45,cnn,integrated_gradients,nearest_neighbour_donor,nonparametric_conditional,insertion,1,ATTACK,True,1,ATTACK,0.9999876022338868,0.999783096718602,10,0.004718815874816436,0.07186697522878574,0.1050426931248688,-0.0671481593539693,-0.10032387725005237,0.07167251926380235,0.03608640251069915,-0.13787750827493964,0.6601858735084534,0.5317569696903228,0.12842890381813055,18.4,18.4,trapezoid_from_zero_normalized_by_max_fraction
cicids2017_binary,42,rid_cf4ebdc12c3cb032b70b55c77a7cb796,cnn,integrated_gradients,nearest_neighbour_donor,nonparametric_conditional,insertion,1,ATTACK,True,1,ATTACK,1.0,0.9997954944847152,10,0.9493318108638051,0.7793263318811503,0.7081541400847715,0.17000547898265478,0.2411776707790334,0.07171087167975003,0.04255629217483538,0.08659514631997745,1.2504198551177979,1.1270803821086883,0.12333947300910952,18.4,18.4,trapezoid_from_zero_normalized_by_max_fraction
cicids2017_binary,42,rid_12888033c44aa2549d48f3c7bd216973,cnn,integrated_gradients,nearest_neighbour_donor,nonparametric_conditional,insertion,1,ATTACK,True,1,ATTACK,1.0,0.9997954944847152,10,0.9493318108638051,0.8743318109278936,0.8484779119613998,0.07499999993591142,0.10085389890240525,0.054999999957274275,0.033374973957115917,0.009585050979964219,0.9665800929069519,0.957650271654129,0.008929821252822934,18.4,18.4,trapezoid_from_zero_normalized_by_max_fraction
cicids2017_binary,42,rid_c084b42c4af4241dd19e6d04badcf8b5,cnn,integrated_gradients,nearest_neighbour_donor,nonparametric_conditional,insertion,1,ATTACK,True,1,ATTACK,1.0,0.9997954944847152,10,0.9493318108638051,0.9293318109361315,0.8292811984818773,0.01999999992767354,0.12005061238192768,0.013333333285115693,0.013333333285115693,-0.0061333333111532155,1.1121759414672852,1.025618302822113,0.08655763864517207,18.4,18.4,trapezoid_from_zero_normalized_by_max_fraction
cicids2017_binary,42,rid_08c29756d968418335a9524cb0092fef,cnn,integrated_gradients,nearest_neighbour_donor,nonparametric_conditional,insertion,1,ATTACK,True,1,ATTACK,1.0,0.9997954944847152,10,0.9493318108638051,0.7993318205850777,0.7639219946195765,0.14999999027872732,0.18540981624422853,0.09082482507766179,0.04654746542019919,0.0587669580551369,1.0955787897109985,1.0678511273860931,0.027727662324905422,18.4,18.4,trapezoid_from_zero_normalized_by_max_fraction
cicids2017_binary,42,rid_1c419a3f15eb43644fa650ff6ad71b8a,cnn,integrated_gradients,nearest_neighbour_donor,nonparametric_conditional,insertion,0,BENIGN,True,0,BENIGN,0.9999999998386128,0.0002045053538975,10,0.0006681889845413791,0.0006681889529694862,-0.009331811051496428,3.157189289735088e-11,0.010000000036037808,1.9072529561859175e-11,1.6637595147742278e-11,-1.0377935922239818e-12,0.7575634717941284,0.6438094061613083,0.11375406563282009,18.4,18.4,trapezoid_from_zero_normalized_by_max_fraction
cicids2017_binary,42,rid_17c75cd659c9243647caddaa9aa43875,cnn,integrated_gradients,correlation_group_median,group_wise,deletion,1,ATTACK,True,1,ATTACK,1.0,0.9997954944847152,50,0.9469512857451263,0.8684114753100911,0.7798587372174832,0.07853981043503519,0.16709254852764316,0.015344908953235498,0.008925203521414087,0.06104641153306358,0.647915244102478,0.5804470045864581,0.06746823951601988,44.4,42.484,trapezoid_from_zero_normalized_by_max_fraction
cicids2017_binary,42,rid_accf8c0dda146c4a242cdc9d8885e717,cnn,integrated_gradients,correlation_group_median,group_wise,deletion,1,ATTACK,True,1,ATTACK,1.0,0.9997954944847152,50,0.947528048587992,0.8519464460606818,0.7637610723893808,0.09558160252731028,0.1837669761986112,0.01924481503576488,0.009876426346952946,0.0762238068872825,0.7649824023246765,0.7068981131315232,0.05808428919315334,49.4,38.788,trapezoid_from_zero_normalized_by_max_fraction
cicids2017_binary,42,rid_8593525157bd8c913dcb6144108b0a95,cnn,integrated_gradients,correlation_group_median,group_wise,deletion,1,ATTACK,True,1,ATTACK,1.0,0.9997954944847152,50,0.907578436980839,0.8760478919518395,0.7912976210658771,0.031530545028999366,0.11628081591496184,0.014940465141693582,0.00831491564468073,0.015233310365425135,0.7995507121086121,0.7156535618305206,0.08389715027809141,46.0,38.796,trapezoid_from_zero_normalized_by_max_fraction
cicids2017_binary,42,rid_09a527fea31178a9ad0ecb1fc521e8fb,cnn,integrated_gradients,correlation_group_median,group_wise,deletion,0,BENIGN,True,0,BENIGN,0.99989316866413,9.76741794148e-05,50,0.0040980837915412845,0.004567801675910232,0.004396021847486423,-0.00046971788436894714,-0.0002979380559451382,0.000581770409680194,0.00035830441317105606,-0.001171994534184217,1.1082878112792969,0.7443752031926997,0.3639126080865972,33.0,29.22,trapezoid_from_zero_normalized_by_max_fraction
cicids2017_binary,42,rid_e7974d4f4c91f9e013db09642e33bb70,cnn,integrated_gradients,correlation_group_median,group_wise,deletion,0,BENIGN,True,0,BENIGN,0.9999996262209264,0.0002041317362113,50,0.0026249518659568595,0.002448638926260002,0.11104996392926875,0.0001763129396968574,-0.1084250120633119,0.0004244505025407871,0.0003256095790109792,-0.00046188183516466185,0.5635042190551758,0.531601797759533,0.0319024212956428,43.8,41.972,trapezoid_from_zero_normalized_by_max_fraction
cicids2017_binary,42,rid_9f3a7f0f10b651a421dd35c1b1afb71c,cnn,integrated_gradients,correlation_group_median,group_wise,deletion,0,BENIGN,True,0,BENIGN,0.999993794038346,0.0001982995536308,50,0.002570667072859578,0.0020061479174064514,0.0032393675316249497,0.0005645191554531265,-0.0006687004587653718,6.139922027756875e-05,4.440739421637375e-05,0.0004774806627890339,1.1843502521514893,0.8472203948870302,0.3371298572644591,33.2,29.812,trapezoid_from_zero_normalized_by_max_fraction
cicids2017_binary,42,rid_8c9bdead15ce16a77b48e3372d9a8a3d,cnn,integrated_gradients,correlation_group_median,group_wise,deletion,0,BENIGN,True,0,BENIGN,0.9999991853068764,0.0002036908221611,50,0.0023451952286393405,0.0014326028234397938,0.0027502975690084884,0.0009125924051995469,-0.00040510234036914765,0.00011163326340052931,5.6843125663259554e-05,0.0008011798788995582,0.7170146703720093,0.6158123571816831,0.10120231319032613,42.6,36.15599999999999,trapezoid_from_zero_normalized_by_max_fraction
cicids2017_binary,42,rid_894f119af6edccd4268535184bc340cf,cnn,integrated_gradients,correlation_group_median,group_wise,deletion,0,BENIGN,True,0,BENIGN,0.9999991788482704,0.000203684363555,50,0.002902279331971158,0.0022885550414391675,0.0033077067817985847,0.0006137242905319907,-0.0004054274498274268,6.741368851884663e-05,4.112774691765158e-05,0.0005331139065733936,0.9186003804206848,0.7158493046653457,0.20275107575533913,37.0,32.524,trapezoid_from_zero_normalized_by_max_fraction
cicids2017_binary,42,rid_0d983e5b8810b377ec14cf6f0ef744a4,cnn,integrated_gradients,correlation_group_median,group_wise,deletion,0,BENIGN,True,0,BENIGN,0.9999999999999982,0.000204505515283,50,0.0016446836980712031,0.05177802005810975,0.01050500561302297,-0.050133336360038534,-0.008860321914951766,0.0135252580940603,0.007922481927355117,-0.06566140093765456,1.3355947732925415,1.3969581837654115,-0.06136341047286997,45.0,40.8,trapezoid_from_zero_normalized_by_max_fraction
cicids2017_binary,42,rid_12f800a48f581538facdec51ab2454d7,cnn,integrated_gradients,correlation_group_median,group_wise,deletion,0,BENIGN,True,0,BENIGN,0.9999333738160204,0.0001378793313051,50,0.001845781390511547,0.002108798847116759,0.0036374175516464217,-0.0002630174566052118,-0.0017916361611348746,0.00031182232103449685,0.00019162210276190767,-0.0006385967780185508,0.8832412958145142,0.7118925508428365,0.17134874497167762,39.0,30.363999999999997,trapezoid_from_zero_normalized_by_max_fraction
cicids2017_binary,42,rid_408ae7c441d02f646de26fd9bdce1d45,cnn,integrated_gradients,correlation_group_median,group_wise,deletion,1,ATTACK,True,1,ATTACK,0.9999876022338868,0.999783096718602,50,0.946582813254554,0.9464025809810628,0.7767096889696751,0.00018023227349112114,0.16987312428487883,0.000548583170421732,0.0003900264663298046,-0.0005842196005152959,0.15645043551921844,0.1501709645986557,0.006279470920562746,49.0,43.208,trapezoid_from_zero_normalized_by_max_fraction
cicids2017_binary,42,rid_cf4ebdc12c3cb032b70b55c77a7cb796,cnn,integrated_gradients,correlation_group_median,group_wise,deletion,1,ATTACK,True,1,ATTACK,1.0,0.9997954944847152,50,0.945899147199816,0.8827374696952114,0.879695669180278,0.06316167750460475,0.06620347801953815,0.014236347620926699,0.00968156385187089,0.044185812354937806,0.7436477541923523,0.6377358471751213,0.10591190701723097,47.6,40.75600000000001,trapezoid_from_zero_normalized_by_max_fraction
cicids2017_binary,42,rid_12888033c44aa2549d48f3c7bd216973,cnn,integrated_gradients,correlation_group_median,group_wise,deletion,1,ATTACK,True,1,ATTACK,1.0,0.9997954944847152,50,0.9456066206679679,0.8668676336073354,0.8078384179009258,0.07873898706063255,0.13776820276704205,0.018463483935604746,0.009975672116606167,0.059186669712084465,0.66266930103302,0.6015746312439442,0.06109466978907585,39.0,34.772,trapezoid_from_zero_normalized_by_max_fraction
cicids2017_binary,42,rid_c084b42c4af4241dd19e6d04badcf8b5,cnn,integrated_gradients,correlation_group_median,group_wise,deletion,1,ATTACK,True,1,ATTACK,1.0,0.9997954944847152,50,0.856404271806241,0.7569571164041189,0.797645489935226,0.09944715540212201,0.05875878187101499,0.015543695174029246,0.010153431400196424,0.07954642985773702,0.6617702841758728,0.6474325408935547,0.014337743282318072,37.6,33.824,trapezoid_from_zero_normalized_by_max_fraction
cicids2017_binary,42,rid_08c29756d968418335a9524cb0092fef,cnn,integrated_gradients,correlation_group_median,group_wise,deletion,1,ATTACK,True,1,ATTACK,1.0,0.9997954944847152,50,0.9473790202231612,0.8448597895710939,0.8792263248875457,0.10251923065206742,0.06815269533561544,0.017851789555146883,0.010474377503690974,0.0819894507448331,0.6874367594718933,0.5225924193263054,0.1648443401455879,41.0,32.676,trapezoid_from_zero_normalized_by_max_fraction
cicids2017_binary,42,rid_1c419a3f15eb43644fa650ff6ad71b8a,cnn,integrated_gradients,correlation_group_median,group_wise,deletion,0,BENIGN,True,0,BENIGN,0.9999999998386128,0.0002045053538975,50,0.004079144735101059,0.009004593209657193,0.0032149077704537524,-0.004925448474556135,0.0008642369646473065,0.0006413492654129349,0.00037597134750216605,-0.0056623523156603805,0.3058108687400818,0.28327509471774104,0.02253577402234075,44.2,39.084,trapezoid_from_zero_normalized_by_max_fraction
cicids2017_binary,42,rid_17c75cd659c9243647caddaa9aa43875,cnn,integrated_gradients,correlation_group_median,group_wise,insertion,1,ATTACK,True,1,ATTACK,1.0,0.9997954944847152,50,0.9468745011952706,0.8383622888792384,0.6656875567725282,0.10851221231603225,0.2811869444227424,0.016436490038727804,0.009585631093378113,0.08972437537301114,0.647915244102478,0.5804470045864581,0.06746823951601988,44.4,42.484,trapezoid_from_zero_normalized_by_max_fraction
cicids2017_binary,42,rid_accf8c0dda146c4a242cdc9d8885e717,cnn,integrated_gradients,correlation_group_median,group_wise,insertion,1,ATTACK,True,1,ATTACK,1.0,0.9997954944847152,50,0.9468745011952706,0.7263630247551236,0.6345628188413492,0.22051147644014693,0.31231168235392126,0.03743593270153891,0.020614438806766736,0.18010717637888413,0.7649824023246765,0.7068981131315232,0.05808428919315334,49.4,38.788,trapezoid_from_zero_normalized_by_max_fraction
cicids2017_binary,42,rid_8593525157bd8c913dcb6144108b0a95,cnn,integrated_gradients,correlation_group_median,group_wise,insertion,1,ATTACK,True,1,ATTACK,1.0,0.9997954944847152,50,0.9404967982438392,0.8564458042856917,0.6430433155699288,0.08405099395814751,0.2974534826739105,0.013386535730114175,0.00778718648573672,0.06878810844610354,0.7995507121086121,0.7156535618305206,0.08389715027809141,46.0,38.796,trapezoid_from_zero_normalized_by_max_fraction
cicids2017_binary,42,rid_09a527fea31178a9ad0ecb1fc521e8fb,cnn,integrated_gradients,correlation_group_median,group_wise,insertion,0,BENIGN,True,0,BENIGN,0.99989316866413,9.76741794148e-05,50,0.003031169288806268,0.00021236399079998603,0.0018771667539928102,0.0028188052980062826,0.0011540025348134577,0.0005323130355314546,0.0003108343773520418,0.0022095699183962807,1.1082878112792969,0.7443752031926997,0.3639126080865972,33.0,29.22,trapezoid_from_zero_normalized_by_max_fraction
cicids2017_binary,42,rid_e7974d4f4c91f9e013db09642e33bb70,cnn,integrated_gradients,correlation_group_median,group_wise,insertion,0,BENIGN,True,0,BENIGN,0.9999996262209264,0.0002041317362113,50,0.0015368005169506202,-0.013999465679355146,-0.08966315201190901,0.01553626619630577,0.09119995252885964,0.0038312540537687755,0.0038311485515947603,0.00802721503518004,0.5635042190551758,0.531601797759533,0.0319024212956428,43.8,41.972,trapezoid_from_zero_normalized_by_max_fraction
cicids2017_binary,42,rid_9f3a7f0f10b651a421dd35c1b1afb71c,cnn,integrated_gradients,correlation_group_median,group_wise,insertion,0,BENIGN,True,0,BENIGN,0.999993794038346,0.0001982995536308,50,0.0031151224321092743,0.0029420271803510334,0.0025875744557696703,0.00017309525175824092,0.000527547976339604,3.399006626561845e-05,2.4024173123653616e-05,0.00012600787243587983,1.1843502521514893,0.8472203948870302,0.3371298572644591,33.2,29.812,trapezoid_from_zero_normalized_by_max_fraction
cicids2017_binary,42,rid_8c9bdead15ce16a77b48e3372d9a8a3d,cnn,integrated_gradients,correlation_group_median,group_wise,insertion,0,BENIGN,True,0,BENIGN,0.9999991853068764,0.0002036908221611,50,0.003122196411521827,0.002853096247171152,0.0028024476868869575,0.00026910016435067525,0.0003197487246348695,3.529172583945555e-05,2.821477919203554e-05,0.0002137991971342856,0.7170146703720093,0.6158123571816831,0.10120231319032613,42.6,36.15599999999999,trapezoid_from_zero_normalized_by_max_fraction
cicids2017_binary,42,rid_894f119af6edccd4268535184bc340cf,cnn,integrated_gradients,correlation_group_median,group_wise,insertion,0,BENIGN,True,0,BENIGN,0.9999991788482704,0.000203684363555,50,0.0031247557176101283,0.0028717458639371213,0.0023878156468583288,0.0002530098536730066,0.0007369400707517998,3.96606457282632e-05,2.3666538387418266e-05,0.00020662343843366678,0.9186003804206848,0.7158493046653457,0.20275107575533913,37.0,32.524,trapezoid_from_zero_normalized_by_max_fraction
cicids2017_binary,42,rid_0d983e5b8810b377ec14cf6f0ef744a4,cnn,integrated_gradients,correlation_group_median,group_wise,insertion,0,BENIGN,True,0,BENIGN,0.9999999999999982,0.000204505515283,50,0.003125498804726257,0.0031254861195279143,0.0018755857297564796,1.2685198342438089e-08,0.001249913074969777,3.0823421448526976e-09,2.2651113459965003e-09,8.245580104284948e-09,1.3355947732925415,1.3969581837654115,-0.06136341047286997,45.0,40.8,trapezoid_from_zero_normalized_by_max_fraction
cicids2017_binary,42,rid_12f800a48f581538facdec51ab2454d7,cnn,integrated_gradients,correlation_group_median,group_wise,insertion,0,BENIGN,True,0,BENIGN,0.9999333738160204,0.0001378793313051,50,0.0030302507590022286,0.0013846435647706132,0.0023975515861638288,0.0016456071942316155,0.0006326991728384001,0.0004388852230177534,0.00026017557138988427,0.0011356630743074424,0.8832412958145142,0.7118925508428365,0.17134874497167762,39.0,30.363999999999997,trapezoid_from_zero_normalized_by_max_fraction
cicids2017_binary,42,rid_408ae7c441d02f646de26fd9bdce1d45,cnn,integrated_gradients,correlation_group_median,group_wise,insertion,1,ATTACK,True,1,ATTACK,0.9999876022338868,0.999783096718602,50,0.913733016338665,0.9061850807783194,0.49132875329842685,0.007547935560345648,0.42240426304023826,0.005035331687988138,0.005034735257862026,-0.002320145545063923,0.15645043551921844,0.1501709645986557,0.006279470920562746,49.0,43.208,trapezoid_from_zero_normalized_by_max_fraction
cicids2017_binary,42,rid_cf4ebdc12c3cb032b70b55c77a7cb796,cnn,integrated_gradients,correlation_group_median,group_wise,insertion,1,ATTACK,True,1,ATTACK,1.0,0.9997954944847152,50,0.8751515615847894,0.7694243882633365,0.5904509002911704,0.1057271733214529,0.2847006612936188,0.016329466541830567,0.010960685918952929,0.08424422892030516,0.7436477541923523,0.6377358471751213,0.10591190701723097,47.6,40.75600000000001,trapezoid_from_zero_normalized_by_max_fraction
cicids2017_binary,42,rid_12888033c44aa2549d48f3c7bd216973,cnn,integrated_gradients,correlation_group_median,group_wise,insertion,1,ATTACK,True,1,ATTACK,1.0,0.9997954944847152,50,0.8472124260268175,0.7572525106307477,0.5605355845120822,0.08995991539606965,0.28667684151473527,0.02668452863675611,0.014113710613178723,0.062297042594239356,0.66266930103302,0.6015746312439442,0.06109466978907585,39.0,34.772,trapezoid_from_zero_normalized_by_max_fraction
cicids2017_binary,42,rid_c084b42c4af4241dd19e6d04badcf8b5,cnn,integrated_gradients,correlation_group_median,group_wise,insertion,1,ATTACK,True,1,ATTACK,1.0,0.9997954944847152,50,0.7672523876768538,0.7636135000702925,0.6686958592109649,0.0036388876065611636,0.09855652846588885,0.008300863592902377,0.007377067728812779,-0.010820165141911885,0.6617702841758728,0.6474325408935547,0.014337743282318072,37.6,33.824,trapezoid_from_zero_normalized_by_max_fraction
cicids2017_binary,42,rid_08c29756d968418335a9524cb0092fef,cnn,integrated_gradients,correlation_group_median,group_wise,insertion,1,ATTACK,True,1,ATTACK,1.0,0.9997954944847152,50,0.8794323969748803,0.6621259437230422,0.540905276222508,0.21730645325183812,0.33852712075237223,0.03302901858023416,0.01812536900223174,0.18178073000746392,0.6874367594718933,0.5225924193263054,0.1648443401455879,41.0,32.676,trapezoid_from_zero_normalized_by_max_fraction
cicids2017_binary,42,rid_1c419a3f15eb43644fa650ff6ad71b8a,cnn,integrated_gradients,correlation_group_median,group_wise,insertion,0,BENIGN,True,0,BENIGN,0.9999999998386128,0.0002045053538975,50,0.003125498456568532,0.0031252673582225195,0.0030877726923101874,2.3109834601231764e-07,3.772576425834435e-05,6.576556340392688e-08,6.574540844512302e-08,1.0223734545987653e-07,0.3058108687400818,0.28327509471774104,0.02253577402234075,44.2,39.084,trapezoid_from_zero_normalized_by_max_fraction
cicids2017_binary,42,rid_17c75cd659c9243647caddaa9aa43875,cnn,integrated_gradients,correlation_group_joint_donor,group_wise_dependency_preserving,deletion,1,ATTACK,True,1,ATTACK,1.0,0.9997954944847152,50,0.7344212305407609,0.623742554951436,0.524525027021,0.11067867558932476,0.20989620351976082,0.060388250929480705,0.028699234615332306,0.05442817574327344,0.7401317358016968,0.6190007887482644,0.12113094705343241,44.4,36.388,trapezoid_from_zero_normalized_by_max_fraction
cicids2017_binary,42,rid_accf8c0dda146c4a242cdc9d8885e717,cnn,integrated_gradients,correlation_group_joint_donor,group_wise_dependency_preserving,deletion,1,ATTACK,True,1,ATTACK,1.0,0.9997954944847152,50,0.9291403297318169,0.7192608420124518,0.5577304475270902,0.20987948771936515,0.37140988220472665,0.05448192706474697,0.02571652290752569,0.1594751028206148,1.0206522941589355,1.320643110513687,-0.29999081635475155,49.4,40.904,trapezoid_from_zero_normalized_by_max_fraction
cicids2017_binary,42,rid_8593525157bd8c913dcb6144108b0a95,cnn,integrated_gradients,correlation_group_joint_donor,group_wise_dependency_preserving,deletion,1,ATTACK,True,1,ATTACK,1.0,0.9997954944847152,50,0.44334979868144725,0.49412020004902335,0.5993288769713703,-0.05077040136757613,-0.1559790782899229,0.06172910626532109,0.029519630946010567,-0.10862887802175683,1.0694916248321533,1.2496036275327207,-0.18011200270056738,46.0,36.144,trapezoid_from_zero_normalized_by_max_fraction
cicids2017_binary,42,rid_09a527fea31178a9ad0ecb1fc521e8fb,cnn,integrated_gradients,correlation_group_joint_donor,group_wise_dependency_preserving,deletion,0,BENIGN,True,0,BENIGN,0.99989316866413,9.76741794148e-05,50,0.2258449805040982,0.13722852841278674,0.3315388438934562,0.08861645209131147,-0.10569386338935804,0.03997258125150532,0.021762311061289907,0.045962322411183254,1.1508184671401978,0.8153275397866965,0.3354909273535013,33.0,24.412,trapezoid_from_zero_normalized_by_max_fraction
cicids2017_binary,42,rid_e7974d4f4c91f9e013db09642e33bb70,cnn,integrated_gradients,correlation_group_joint_donor,group_wise_dependency_preserving,deletion,0,BENIGN,True,0,BENIGN,0.9999996262209264,0.0002041317362113,50,0.22115608032851952,0.17322564708584753,0.2722638876266552,0.04793043324267202,-0.051107807298135674,0.044019351433995456,0.024149365753035605,0.0005976763667222343,0.5887788534164429,0.6400721425414085,-0.05129328912496567,43.8,39.83200000000001,trapezoid_from_zero_normalized_by_max_fraction
cicids2017_binary,42,rid_9f3a7f0f10b651a421dd35c1b1afb71c,cnn,integrated_gradients,correlation_group_joint_donor,group_wise_dependency_preserving,deletion,0,BENIGN,True,0,BENIGN,0.999993794038346,0.0001982995536308,50,0.00020231210959593683,0.07209996996366777,0.3189192500536371,-0.07189765785407182,-0.31871693794404116,0.026990220514565996,0.01335678224781825,-0.09807695105979558,1.5871795415878296,1.234665032029152,0.3525145095586777,33.2,21.516,trapezoid_from_zero_normalized_by_max_fraction
cicids2017_binary,42,rid_8c9bdead15ce16a77b48e3372d9a8a3d,cnn,integrated_gradients,correlation_group_joint_donor,group_wise_dependency_preserving,deletion,0,BENIGN,True,0,BENIGN,0.9999991853068764,0.0002036908221611,50,0.19942151423232718,0.09762617073444121,0.3054636126659948,0.10179534349788599,-0.10604209843366762,0.03430134839884327,0.01835455149121958,0.06582042257509563,0.7675091624259949,0.6489966737926006,0.11851248863339425,42.6,28.544,trapezoid_from_zero_normalized_by_max_fraction
cicids2017_binary,42,rid_894f119af6edccd4268535184bc340cf,cnn,integrated_gradients,correlation_group_joint_donor,group_wise_dependency_preserving,deletion,0,BENIGN,True,0,BENIGN,0.9999991788482704,0.000203684363555,50,0.17378716473002098,0.24911719852478376,0.34409169149519936,-0.07533003379476277,-0.1703045267651784,0.04552166030328657,0.02566293728313384,-0.1256293908697051,0.031212037429213524,0.04085449969395995,-0.009642462264746424,37.0,25.536,trapezoid_from_zero_normalized_by_max_fraction
cicids2017_binary,42,rid_0d983e5b8810b377ec14cf6f0ef744a4,cnn,integrated_gradients,correlation_group_joint_donor,group_wise_dependency_preserving,deletion,0,BENIGN,True,0,BENIGN,0.9999999999999982,0.000204505515283,50,0.03653046889536116,0.0819070154353906,0.1542918167270467,-0.04537654654002945,-0.11776134783168554,0.02612636566301555,0.016666016861911163,-0.07804193958937533,1.3805643320083618,1.3101375378370286,0.07042679417133324,45.0,34.696000000000005,trapezoid_from_zero_normalized_by_max_fraction
cicids2017_binary,42,rid_12f800a48f581538facdec51ab2454d7,cnn,integrated_gradients,correlation_group_joint_donor,group_wise_dependency_preserving,deletion,0,BENIGN,True,0,BENIGN,0.9999333738160204,0.0001378793313051,50,0.5581788601695563,0.07430089957545423,0.26928628931264,0.4838779605941021,0.28889257085691644,0.02932099434909779,0.015856587820596135,0.45279904846573366,0.9897756576538086,0.9040443675667046,0.085731290087104,39.0,23.368000000000002,trapezoid_from_zero_normalized_by_max_fraction
cicids2017_binary,42,rid_408ae7c441d02f646de26fd9bdce1d45,cnn,integrated_gradients,correlation_group_joint_donor,group_wise_dependency_preserving,deletion,1,ATTACK,True,1,ATTACK,0.9999876022338868,0.999783096718602,50,0.5008900160440797,0.5607216393039872,0.4860690644266502,-0.0598316232599076,0.01482095161742943,0.06351931869813292,0.029828153987362962,-0.11829480507513901,0.5187225937843323,0.7449367411136627,-0.22621414732933043,49.0,42.568,trapezoid_from_zero_normalized_by_max_fraction
cicids2017_binary,42,rid_cf4ebdc12c3cb032b70b55c77a7cb796,cnn,integrated_gradients,correlation_group_joint_donor,group_wise_dependency_preserving,deletion,1,ATTACK,True,1,ATTACK,1.0,0.9997954944847152,50,0.84729110330989,0.6737461859836662,0.5786541935078857,0.17354491732622385,0.26863690980200433,0.05789297955033125,0.02699837920240908,0.12062809408950206,0.8005471229553223,0.5396732214689255,0.2608739014863968,47.6,35.94,trapezoid_from_zero_normalized_by_max_fraction
cicids2017_binary,42,rid_12888033c44aa2549d48f3c7bd216973,cnn,integrated_gradients,correlation_group_joint_donor,group_wise_dependency_preserving,deletion,1,ATTACK,True,1,ATTACK,1.0,0.9997954944847152,50,0.4000819265665086,0.43706343329219205,0.5124607247061583,-0.036981506725683407,-0.11237879813964977,0.0602258258369899,0.02897046047740878,-0.09376360926140462,0.7028555274009705,0.6678531553745269,0.03500237202644352,39.0,37.696,trapezoid_from_zero_normalized_by_max_fraction
cicids2017_binary,42,rid_c084b42c4af4241dd19e6d04badcf8b5,cnn,integrated_gradients,correlation_group_joint_donor,group_wise_dependency_preserving,deletion,1,ATTACK,True,1,ATTACK,1.0,0.9997954944847152,50,0.6627217003643864,0.550404458361327,0.5076154270234885,0.11231724200305937,0.1551062733408979,0.05768743467595369,0.027805126204395316,0.05781919464244455,0.3396197259426117,0.33040300512313847,0.009216720819473223,37.6,33.288,trapezoid_from_zero_normalized_by_max_fraction
cicids2017_binary,42,rid_08c29756d968418335a9524cb0092fef,cnn,integrated_gradients,correlation_group_joint_donor,group_wise_dependency_preserving,deletion,1,ATTACK,True,1,ATTACK,1.0,0.9997954944847152,50,0.6927617688143087,0.6054162970368648,0.5891833732245733,0.08734547177744387,0.10357839558973542,0.05962752012494871,0.027893454843118552,0.032674300284931505,0.0814247578382492,0.07196213129162789,0.00946262654662132,41.0,35.92,trapezoid_from_zero_normalized_by_max_fraction
cicids2017_binary,42,rid_1c419a3f15eb43644fa650ff6ad71b8a,cnn,integrated_gradients,correlation_group_joint_donor,group_wise_dependency_preserving,deletion,0,BENIGN,True,0,BENIGN,0.9999999998386128,0.0002045053538975,50,0.001142210567537638,0.36834840598197327,0.2211163237728399,-0.36720619541443567,-0.21997411320530227,0.057955456990716636,0.02992716356127853,-0.4258634359945416,0.36182793974876404,0.3328011049032211,0.029026834845542915,44.2,44.868,trapezoid_from_zero_normalized_by_max_fraction
cicids2017_binary,42,rid_17c75cd659c9243647caddaa9aa43875,cnn,integrated_gradients,correlation_group_joint_donor,group_wise_dependency_preserving,insertion,1,ATTACK,True,1,ATTACK,1.0,0.9997954944847152,50,-2.2053718566894532e-07,-0.22240069642701124,-0.22605868336758522,0.22240047588982556,0.22605846283039957,0.0527852632181281,0.025104286972981997,0.17319607342278084,0.7401317358016968,0.6190007887482644,0.12113094705343241,44.4,36.388,trapezoid_from_zero_normalized_by_max_fraction
cicids2017_binary,42,rid_accf8c0dda146c4a242cdc9d8885e717,cnn,integrated_gradients,correlation_group_joint_donor,group_wise_dependency_preserving,insertion,1,ATTACK,True,1,ATTACK,1.0,0.9997954944847152,50,0.946530534289937,0.7559655417151112,0.7224135057474629,0.1905649925748259,0.2241170285424742,0.043785450504071274,0.023777268867242428,0.14396154559503074,1.0206522941589355,1.320643110513687,-0.29999081635475155,49.4,40.904,trapezoid_from_zero_normalized_by_max_fraction
cicids2017_binary,42,rid_8593525157bd8c913dcb6144108b0a95,cnn,integrated_gradients,correlation_group_joint_donor,group_wise_dependency_preserving,insertion,1,ATTACK,True,1,ATTACK,1.0,0.9997954944847152,50,0.910154837369896,0.5313105633252031,0.7190511035882631,0.378844274044693,0.19110373378163292,0.06285929131582413,0.029790888404747858,0.32045413277138723,1.0694916248321533,1.2496036275327207,-0.18011200270056738,46.0,36.144,trapezoid_from_zero_normalized_by_max_fraction
cicids2017_binary,42,rid_09a527fea31178a9ad0ecb1fc521e8fb,cnn,integrated_gradients,correlation_group_joint_donor,group_wise_dependency_preserving,insertion,0,BENIGN,True,0,BENIGN,0.99989316866413,9.76741794148e-05,50,0.9497194462663174,0.7591917611086754,0.8823097412715679,0.19052768515764204,0.06740970499474945,0.05033080461804666,0.023104444776724724,0.14524297339526157,1.1508184671401978,0.8153275397866965,0.3354909273535013,33.0,24.412,trapezoid_from_zero_normalized_by_max_fraction
cicids2017_binary,42,rid_e7974d4f4c91f9e013db09642e33bb70,cnn,integrated_gradients,correlation_group_joint_donor,group_wise_dependency_preserving,insertion,0,BENIGN,True,0,BENIGN,0.9999996262209264,0.0002041317362113,50,-0.0002624224578956336,-0.04112481951835732,-0.11344817021676323,0.04086239706046169,0.11318574775886761,0.01629590435292548,0.008375297063199193,0.024446814816591275,0.5887788534164429,0.6400721425414085,-0.05129328912496567,43.8,39.83200000000001,trapezoid_from_zero_normalized_by_max_fraction
cicids2017_binary,42,rid_9f3a7f0f10b651a421dd35c1b1afb71c,cnn,integrated_gradients,correlation_group_joint_donor,group_wise_dependency_preserving,insertion,0,BENIGN,True,0,BENIGN,0.999993794038346,0.0001982995536308,50,0.8499746745089409,0.7381866269283319,0.9114963659065947,0.11178804758060917,-0.06152169139765362,0.05156939734977804,0.024744210028933827,0.06328939592389887,1.5871795415878296,1.234665032029152,0.3525145095586777,33.2,21.516,trapezoid_from_zero_normalized_by_max_fraction
cicids2017_binary,42,rid_8c9bdead15ce16a77b48e3372d9a8a3d,cnn,integrated_gradients,correlation_group_joint_donor,group_wise_dependency_preserving,insertion,0,BENIGN,True,0,BENIGN,0.9999991853068764,0.0002036908221611,50,0.949842462839915,0.7682615519056654,0.9139584098357174,0.1815809109342496,0.03588405300419763,0.04502794697840319,0.020569943823864158,0.14126382103947585,0.7675091624259949,0.6489966737926006,0.11851248863339425,42.6,28.544,trapezoid_from_zero_normalized_by_max_fraction
cicids2017_binary,42,rid_894f119af6edccd4268535184bc340cf,cnn,integrated_gradients,correlation_group_joint_donor,group_wise_dependency_preserving,insertion,0,BENIGN,True,0,BENIGN,0.9999991788482704,0.000203684363555,50,-1.4699594016176487e-05,-0.09371112935027218,-0.04482893107044381,0.09369642975625601,0.04481423147642763,0.024599663225334377,0.014295913067781801,0.06567644014340368,0.031212037429213524,0.04085449969395995,-0.009642462264746424,37.0,25.536,trapezoid_from_zero_normalized_by_max_fraction
cicids2017_binary,42,rid_0d983e5b8810b377ec14cf6f0ef744a4,cnn,integrated_gradients,correlation_group_joint_donor,group_wise_dependency_preserving,insertion,0,BENIGN,True,0,BENIGN,0.9999999999999982,0.000204505515283,50,0.9499999999731631,0.9027058818692493,0.9489109165347318,0.04729411810391372,0.001089083438431304,0.014373860235469223,0.00974518611083716,0.028193553326672886,1.3805643320083618,1.3101375378370286,0.07042679417133324,45.0,34.696000000000005,trapezoid_from_zero_normalized_by_max_fraction
cicids2017_binary,42,rid_12f800a48f581538facdec51ab2454d7,cnn,integrated_gradients,correlation_group_joint_donor,group_wise_dependency_preserving,insertion,0,BENIGN,True,0,BENIGN,0.9999333738160204,0.0001378793313051,50,0.8063730835536258,0.7678390992253812,0.8718233294302552,0.03853398432824475,-0.06545024587662937,0.049680814209535754,0.022660085244906272,-0.005879782751771541,0.9897756576538086,0.9040443675667046,0.085731290087104,39.0,23.368000000000002,trapezoid_from_zero_normalized_by_max_fraction
cicids2017_binary,42,rid_408ae7c441d02f646de26fd9bdce1d45,cnn,integrated_gradients,correlation_group_joint_donor,group_wise_dependency_preserving,insertion,1,ATTACK,True,1,ATTACK,0.9999876022338868,0.999783096718602,50,0.7547999461855852,0.7570368000392808,0.6163075483375411,-0.002236853853695514,0.13849239784804407,0.04941507357628415,0.02269494472835258,-0.04671894552126657,0.5187225937843323,0.7449367411136627,-0.22621414732933043,49.0,42.568,trapezoid_from_zero_normalized_by_max_fraction
cicids2017_binary,42,rid_cf4ebdc12c3cb032b70b55c77a7cb796,cnn,integrated_gradients,correlation_group_joint_donor,group_wise_dependency_preserving,insertion,1,ATTACK,True,1,ATTACK,1.0,0.9997954944847152,50,-0.01944991946220398,-0.3975914723052142,-0.28751591014075606,0.37814155284301015,0.2680659906785521,0.05946705946672966,0.02799355415218895,0.3232741867047198,0.8005471229553223,0.5396732214689255,0.2608739014863968,47.6,35.94,trapezoid_from_zero_normalized_by_max_fraction
cicids2017_binary,42,rid_12888033c44aa2549d48f3c7bd216973,cnn,integrated_gradients,correlation_group_joint_donor,group_wise_dependency_preserving,insertion,1,ATTACK,True,1,ATTACK,1.0,0.9997954944847152,50,0.9498874386056377,0.755583609429129,0.6961125095090426,0.19430382917650868,0.25377492909659516,0.04081379344918348,0.02118645735145536,0.15277837276765618,0.7028555274009705,0.6678531553745269,0.03500237202644352,39.0,37.696,trapezoid_from_zero_normalized_by_max_fraction
cicids2017_binary,42,rid_c084b42c4af4241dd19e6d04badcf8b5,cnn,integrated_gradients,correlation_group_joint_donor,group_wise_dependency_preserving,insertion,1,ATTACK,True,1,ATTACK,1.0,0.9997954944847152,50,-0.14999231270940072,-0.14771394618716102,-0.2425999444948419,-0.002278366522239679,0.09260763178544117,0.03790937205347781,0.019352148714854276,-0.04020857800335406,0.3396197259426117,0.33040300512313847,0.009216720819473223,37.6,33.288,trapezoid_from_zero_normalized_by_max_fraction
cicids2017_binary,42,rid_08c29756d968418335a9524cb0092fef,cnn,integrated_gradients,correlation_group_joint_donor,group_wise_dependency_preserving,insertion,1,ATTACK,True,1,ATTACK,1.0,0.9997954944847152,50,-0.050687551498413086,-0.2866648485884071,-0.32734832796577895,0.23597729708999393,0.2766607764673658,0.04819826914609835,0.025490566303736854,0.1860157871346697,0.0814247578382492,0.07196213129162789,0.00946262654662132,41.0,35.92,trapezoid_from_zero_normalized_by_max_fraction
cicids2017_binary,42,rid_1c419a3f15eb43644fa650ff6ad71b8a,cnn,integrated_gradients,correlation_group_joint_donor,group_wise_dependency_preserving,insertion,0,BENIGN,True,0,BENIGN,0.9999999998386128,0.0002045053538975,50,0.9496869425829589,0.9274427803337726,0.9336157109816248,0.022244162249186274,0.016071231601334075,0.010950658675222942,0.006377092129532797,0.009745061675301992,0.36182793974876404,0.3328011049032211,0.029026834845542915,44.2,44.868,trapezoid_from_zero_normalized_by_max_fraction
